  0.3000000E+01  0.1219691E+01       Infinity
  0.3102138E+01  0.1700627E-04 -0.1194139E+03
  0.3204277E+01  0.1446597E-04 -0.2487113E-03
  0.3306415E+01  0.1242346E-04 -0.1999743E-03
  0.3408554E+01  0.1058502E-04 -0.1799954E-03
  0.3510692E+01  0.1108544E-04  0.4899464E-04
  0.3612830E+01  0.1040450E-04 -0.6666902E-04
  0.3714969E+01  0.1858389E-04  0.8008152E-03
  0.3817107E+01  0.9745690E-05 -0.8653166E-03
  0.3919245E+01  0.1004501E-04  0.2930533E-04
  0.4021384E+01  0.6389578E-04  0.5272334E-02
  0.4123522E+01  0.5012504E-04 -0.1348243E-02
  0.4225661E+01  0.5480824E-04  0.4585156E-03
  0.4327799E+01  0.1894698E-03  0.1318422E-01
  0.4429937E+01  0.1204359E-03 -0.6758857E-02
  0.4532076E+01  0.9443398E-04 -0.2545753E-02
  0.4613787E+01  0.1290730E-03  0.4239229E-02
  0.4695497E+01  0.1192442E-03 -0.1202875E-02
  0.4777208E+01  0.1301044E-03  0.1329096E-02
  0.4858919E+01  0.1250489E-03 -0.6187084E-03
  0.4940629E+01  0.1084001E-03 -0.2037524E-02
  0.5022340E+01  0.1019065E-03 -0.7947104E-03
  0.5120393E+01  0.1422583E-03  0.4115313E-02
  0.5218446E+01  0.1354348E-03 -0.6958990E-03
  0.5316499E+01  0.1325716E-03 -0.2920027E-03
  0.5414551E+01  0.1320950E-03 -0.4861451E-04
  0.5512604E+01  0.9229472E-04 -0.4059061E-02
  0.5610657E+01  0.1020524E-03  0.9951444E-03
  0.5708710E+01  0.1051534E-03  0.3162610E-03
  0.5806763E+01  0.8215868E-04 -0.2345138E-02
  0.5904816E+01  0.7520025E-04 -0.7096610E-03
  0.6002869E+01  0.7365472E-04 -0.1576222E-03
  0.6100921E+01  0.7614528E-04  0.2540018E-03
  0.6198974E+01  0.9175992E-04  0.1592472E-02
  0.6297027E+01  0.9214151E-04  0.3891722E-04
  0.6395080E+01  0.8788734E-04 -0.4338645E-03
  0.6493133E+01  0.8715094E-04 -0.7510272E-04
  0.6591186E+01  0.7960529E-04 -0.7695497E-03
  0.6689239E+01  0.6796672E-04 -0.1186969E-02
  0.6787291E+01  0.6547879E-04 -0.2537337E-03
  0.6885344E+01  0.6766944E-04  0.2234161E-03
  0.6983397E+01  0.6734245E-04 -0.3334868E-04
  0.7081450E+01  0.6018241E-04 -0.7302226E-03
  0.7179503E+01  0.5030173E-04 -0.1007689E-02
  0.7277556E+01  0.4413166E-04 -0.6292603E-03
  0.7375609E+01  0.4087531E-04 -0.3321015E-03
  0.7473661E+01  0.3642418E-04 -0.4539522E-03
  0.7571714E+01  0.3320705E-04 -0.3281010E-03
  0.7669767E+01  0.3133915E-04 -0.1904993E-03
  0.7767820E+01  0.3242783E-04  0.1110291E-03
  0.7865873E+01  0.3020914E-04 -0.2262742E-03
  0.7963926E+01  0.2853045E-04 -0.1712024E-03
  0.8061978E+01  0.2706224E-04 -0.1497368E-03
  0.8160031E+01  0.2469885E-04 -0.2410324E-03
  0.8258084E+01  0.2213029E-04 -0.2619573E-03
  0.8356137E+01  0.2094622E-04 -0.1207580E-03
  0.8454190E+01  0.1844985E-04 -0.2545943E-03
  0.8552243E+01  0.1764462E-04 -0.8212158E-04
  0.8650296E+01  0.1629190E-04 -0.1379583E-03
  0.8748348E+01  0.1548275E-04 -0.8252221E-04
  0.8846401E+01  0.1467608E-04 -0.8226847E-04
  0.8944454E+01  0.1341877E-04 -0.1282285E-03
  0.9042507E+01  0.1259739E-04 -0.8376870E-04
  0.9140560E+01  0.1169352E-04 -0.9218222E-04
  0.9238613E+01  0.1094023E-04 -0.7682497E-04
  0.9336666E+01  0.9922408E-05 -0.1038031E-03
  0.9434718E+01  0.9077688E-05 -0.8614949E-04
  0.9532771E+01  0.8573569E-05 -0.5141291E-04
  0.9630824E+01  0.8018738E-05 -0.5658491E-04
  0.9728877E+01  0.7459898E-05 -0.5699374E-04
  0.9826930E+01  0.7108169E-05 -0.3587140E-04
  0.9924983E+01  0.6573157E-05 -0.5456366E-04
  0.1002304E+02  0.6384372E-05 -0.1925336E-04
  0.1012109E+02  0.6344318E-05 -0.4084941E-05
  0.1021914E+02  0.6079623E-05 -0.2699509E-04
  0.1031719E+02  0.5729463E-05 -0.3571139E-04
  0.1041525E+02  0.5534271E-05 -0.1990678E-04
  0.1051330E+02  0.5283797E-05 -0.2554479E-04
  0.1061135E+02  0.5170178E-05 -0.1158758E-04
  0.1070941E+02  0.5014391E-05 -0.1588802E-04
  0.1080746E+02  0.4934385E-05 -0.8159523E-05
  0.1090551E+02  0.4807431E-05 -0.1294745E-04
  0.1100356E+02  0.4728460E-05 -0.8053958E-05
  0.1110162E+02  0.4654877E-05 -0.7504477E-05
  0.1119967E+02  0.4564690E-05 -0.9197743E-05
  0.1129772E+02  0.4454479E-05 -0.1123993E-04
  0.1139578E+02  0.4375992E-05 -0.8004636E-05
  0.1149383E+02  0.4332262E-05 -0.4459814E-05
  0.1159188E+02  0.4293225E-05 -0.3981223E-05
  0.1168993E+02  0.4268242E-05 -0.2547845E-05
  0.1178799E+02  0.4216617E-05 -0.5265096E-05
  0.1188604E+02  0.4098103E-05 -0.1208667E-04
  0.1198409E+02  0.4023655E-05 -0.7592717E-05
  0.1208215E+02  0.3972136E-05 -0.5254229E-05
  0.1218020E+02  0.3952056E-05 -0.2047851E-05
  0.1227825E+02  0.3910621E-05 -0.4225714E-05
  0.1237630E+02  0.3881206E-05 -0.2999941E-05
  0.1247436E+02  0.3881599E-05  0.4009337E-07
  0.1257241E+02  0.3841073E-05 -0.4133130E-05
  0.1267046E+02  0.3823116E-05 -0.1831326E-05
  0.1276852E+02  0.3816089E-05 -0.7166790E-06
  0.1286657E+02  0.3760325E-05 -0.5687100E-05
  0.1296462E+02  0.3719347E-05 -0.4179166E-05
  0.1306267E+02  0.3673981E-05 -0.4626729E-05
  0.1316073E+02  0.3654022E-05 -0.2035564E-05
  0.1325878E+02  0.3618230E-05 -0.3650244E-05
  0.1335683E+02  0.3576657E-05 -0.4239894E-05
  0.1345489E+02  0.3531060E-05 -0.4650185E-05
  0.1355294E+02  0.3491406E-05 -0.4044116E-05
  0.1365099E+02  0.3469041E-05 -0.2280981E-05
  0.1374904E+02  0.3425722E-05 -0.4417929E-05
  0.1384710E+02  0.3383270E-05 -0.4329431E-05
  0.1394515E+02  0.3355213E-05 -0.2861421E-05
  0.1404320E+02  0.3331851E-05 -0.2382614E-05
  0.1414126E+02  0.3302424E-05 -0.3001127E-05
  0.1423931E+02  0.3279651E-05 -0.2322528E-05
  0.1433736E+02  0.3255950E-05 -0.2417149E-05
  0.1443541E+02  0.3227861E-05 -0.2864739E-05
  0.1453347E+02  0.3201472E-05 -0.2691277E-05
  0.1463152E+02  0.3167687E-05 -0.3445574E-05
  0.1472957E+02  0.3138172E-05 -0.3010092E-05
  0.1482763E+02  0.3114003E-05 -0.2464981E-05
  0.1492568E+02  0.3087822E-05 -0.2669997E-05
  0.1502373E+02  0.3053840E-05 -0.3465753E-05
  0.1512178E+02  0.3018552E-05 -0.3598853E-05
  0.1521984E+02  0.2988550E-05 -0.3059813E-05
  0.1531789E+02  0.2961484E-05 -0.2760263E-05
  0.1541594E+02  0.2938409E-05 -0.2353402E-05
  0.1551400E+02  0.2915749E-05 -0.2310975E-05
  0.1561205E+02  0.2893994E-05 -0.2218732E-05
  0.1571010E+02  0.2873046E-05 -0.2136336E-05
  0.1580815E+02  0.2847766E-05 -0.2578256E-05
  0.1590621E+02  0.2829338E-05 -0.1879409E-05
  0.1600426E+02  0.2805590E-05 -0.2421910E-05
  0.1610231E+02  0.2777466E-05 -0.2868215E-05
  0.1620037E+02  0.2759634E-05 -0.1818632E-05
  0.1629842E+02  0.2742781E-05 -0.1718826E-05
  0.1639647E+02  0.2720685E-05 -0.2253406E-05
  0.1649452E+02  0.2701210E-05 -0.1986249E-05
  0.1659258E+02  0.2686938E-05 -0.1455545E-05
  0.1669063E+02  0.2673011E-05 -0.1420310E-05
  0.1678868E+02  0.2655215E-05 -0.1814950E-05
  0.1688674E+02  0.2638544E-05 -0.1700200E-05
  0.1698479E+02  0.2616919E-05 -0.2205426E-05
  0.1708284E+02  0.2588111E-05 -0.2937989E-05
  0.1718089E+02  0.2576283E-05 -0.1206337E-05
  0.1727895E+02  0.2561302E-05 -0.1527834E-05
  0.1737700E+02  0.2544640E-05 -0.1699309E-05
  0.1747505E+02  0.2531874E-05 -0.1301970E-05
  0.1757311E+02  0.2512313E-05 -0.1994865E-05
  0.1767116E+02  0.2493363E-05 -0.1932679E-05
  0.1776921E+02  0.2476447E-05 -0.1725138E-05
  0.1786726E+02  0.2461195E-05 -0.1555558E-05
  0.1796532E+02  0.2444071E-05 -0.1746395E-05
  0.1806337E+02  0.2463401E-05  0.1971437E-05
  0.1816142E+02  0.2450043E-05 -0.1362381E-05
  0.1825948E+02  0.2435616E-05 -0.1471344E-05
  0.1835753E+02  0.2411823E-05 -0.2426551E-05
  0.1845558E+02  0.2384275E-05 -0.2809524E-05
  0.1855363E+02  0.2364108E-05 -0.2056753E-05
  0.1865169E+02  0.2347118E-05 -0.1732677E-05
  0.1874974E+02  0.2322456E-05 -0.2515144E-05
  0.1884779E+02  0.2306265E-05 -0.1651330E-05
  0.1894584E+02  0.2286115E-05 -0.2054936E-05
  0.1904390E+02  0.2266292E-05 -0.2021666E-05
  0.1914195E+02  0.2255242E-05 -0.1127036E-05
  0.1924000E+02  0.2221461E-05 -0.3445167E-05
  0.1933806E+02  0.2204257E-05 -0.1754572E-05
  0.1943611E+02  0.2190588E-05 -0.1394019E-05
  0.1953416E+02  0.2173517E-05 -0.1740985E-05
  0.1963221E+02  0.2155867E-05 -0.1800074E-05
  0.1973027E+02  0.2138349E-05 -0.1786566E-05
  0.1982832E+02  0.2118027E-05 -0.2072528E-05
  0.1992637E+02  0.2096359E-05 -0.2209879E-05
  0.2002443E+02  0.2079150E-05 -0.1755078E-05
  0.2012248E+02  0.2062780E-05 -0.1669525E-05
  0.2022053E+02  0.2049706E-05 -0.1333338E-05
  0.2031858E+02  0.2033292E-05 -0.1673970E-05
  0.2041664E+02  0.2024094E-05 -0.9381035E-06
  0.2051469E+02  0.2013117E-05 -0.1119488E-05
  0.2061274E+02  0.1997742E-05 -0.1568012E-05
  0.2071080E+02  0.1985262E-05 -0.1272806E-05
  0.2080885E+02  0.1970277E-05 -0.1528182E-05
  0.2090690E+02  0.1956530E-05 -0.1402093E-05
  0.2100495E+02  0.1943022E-05 -0.1377585E-05
  0.2110301E+02  0.1932896E-05 -0.1032739E-05
  0.2120106E+02  0.1919651E-05 -0.1350745E-05
  0.2129911E+02  0.1904534E-05 -0.1541768E-05
  0.2139717E+02  0.1890330E-05 -0.1448599E-05
  0.2149522E+02  0.1875656E-05 -0.1496477E-05
  0.2159327E+02  0.1865898E-05 -0.9951846E-06
  0.2169132E+02  0.1855101E-05 -0.1101163E-05
  0.2178938E+02  0.1840639E-05 -0.1474906E-05
  0.2188743E+02  0.1830771E-05 -0.1006441E-05
  0.2198548E+02  0.1838179E-05  0.7554785E-06
  0.2208354E+02  0.1825823E-05 -0.1260043E-05
  0.2218159E+02  0.1813446E-05 -0.1262301E-05
  0.2227964E+02  0.1807476E-05 -0.6089000E-06
  0.2237769E+02  0.1796505E-05 -0.1118819E-05
  0.2247575E+02  0.1789296E-05 -0.7352776E-06
  0.2257380E+02  0.1784392E-05 -0.5000775E-06
  0.2267185E+02  0.1769856E-05 -0.1482557E-05
  0.2276991E+02  0.1763787E-05 -0.6189479E-06
  0.2286796E+02  0.1759437E-05 -0.4436411E-06
  0.2296601E+02  0.1754858E-05 -0.4668961E-06
  0.2306406E+02  0.1746079E-05 -0.8953600E-06
  0.2316212E+02  0.1739546E-05 -0.6662915E-06
  0.2326017E+02  0.1734143E-05 -0.5510434E-06
  0.2335822E+02  0.1724332E-05 -0.1000522E-05
  0.2345628E+02  0.1715036E-05 -0.9481604E-06
  0.2355433E+02  0.1704873E-05 -0.1036463E-05
  0.2365238E+02  0.1694144E-05 -0.1094154E-05
  0.2375043E+02  0.1681330E-05 -0.1306839E-05
  0.2384849E+02  0.1669890E-05 -0.1166760E-05
  0.2394654E+02  0.1659944E-05 -0.1014299E-05
  0.2404459E+02  0.1648433E-05 -0.1174002E-05
  0.2414265E+02  0.1644417E-05 -0.4095559E-06
  0.2424070E+02  0.1639447E-05 -0.5069313E-06
  0.2433875E+02  0.1632409E-05 -0.7177738E-06
  0.2443680E+02  0.1625774E-05 -0.6766717E-06
  0.2453486E+02  0.1618267E-05 -0.7655833E-06
  0.2463291E+02  0.1611155E-05 -0.7253520E-06
  0.2473096E+02  0.1603931E-05 -0.7366823E-06
  0.2482902E+02  0.1597886E-05 -0.6165011E-06
  0.2492707E+02  0.1595670E-05 -0.2260156E-06
  0.2502512E+02  0.1590173E-05 -0.5605818E-06
  0.2512317E+02  0.1584095E-05 -0.6199369E-06
  0.2522123E+02  0.1577763E-05 -0.6457927E-06
  0.2531928E+02  0.1576408E-05 -0.1380999E-06
  0.2541733E+02  0.1573657E-05 -0.2806006E-06
  0.2551539E+02  0.1569534E-05 -0.4205034E-06
  0.2561344E+02  0.1564439E-05 -0.5195759E-06
  0.2571149E+02  0.1558759E-05 -0.5793360E-06
  0.2580954E+02  0.1556966E-05 -0.1827907E-06
  0.2590760E+02  0.1551020E-05 -0.6064251E-06
  0.2600565E+02  0.1545171E-05 -0.5965510E-06
  0.2610370E+02  0.1541387E-05 -0.3859213E-06
  0.2620176E+02  0.1539190E-05 -0.2240475E-06
  0.2629981E+02  0.1530597E-05 -0.8763300E-06
  0.2639786E+02  0.1518925E-05 -0.1190453E-05
  0.2649591E+02  0.1518082E-05 -0.8596570E-07
  0.2659397E+02  0.1509757E-05 -0.8489791E-06
  0.2669202E+02  0.1516531E-05  0.6908703E-06
  0.2679007E+02  0.1511624E-05 -0.5004631E-06
  0.2688813E+02  0.1500612E-05 -0.1123077E-05
  0.2698618E+02  0.1484943E-05 -0.1598027E-05
  0.2708423E+02  0.1485751E-05  0.8242798E-07
  0.2718228E+02  0.1480923E-05 -0.4924280E-06
  0.2728034E+02  0.1472936E-05 -0.8145165E-06
  0.2737839E+02  0.1465943E-05 -0.7132115E-06
  0.2747644E+02  0.1457665E-05 -0.8442181E-06
  0.2757450E+02  0.1453468E-05 -0.4280530E-06
  0.2767255E+02  0.1443629E-05 -0.1003457E-05
  0.2777060E+02  0.1439416E-05 -0.4296864E-06
  0.2786865E+02  0.1433187E-05 -0.6351996E-06
  0.2796671E+02  0.1424751E-05 -0.8603578E-06
  0.2806476E+02  0.1420785E-05 -0.4045078E-06
  0.2816281E+02  0.1415501E-05 -0.5389132E-06
  0.2826087E+02  0.1411317E-05 -0.4266845E-06
  0.2835892E+02  0.1407196E-05 -0.4202686E-06
  0.2845697E+02  0.1401794E-05 -0.5509236E-06
  0.2855502E+02  0.1400012E-05 -0.1817743E-06
  0.2865308E+02  0.1396840E-05 -0.3235027E-06
  0.2875113E+02  0.1392845E-05 -0.4073954E-06
  0.2884918E+02  0.1388828E-05 -0.4096559E-06
  0.2894724E+02  0.1383948E-05 -0.4977781E-06
  0.2904529E+02  0.1380094E-05 -0.3930468E-06
  0.2914334E+02  0.1377599E-05 -0.2544504E-06
  0.2924139E+02  0.1373543E-05 -0.4135983E-06
  0.2933945E+02  0.1369129E-05 -0.4502127E-06
  0.2943750E+02  0.1364036E-05 -0.5193605E-06
  0.2953555E+02  0.1358345E-05 -0.5803868E-06
  0.2963361E+02  0.1351712E-05 -0.6765267E-06
  0.2973166E+02  0.1343329E-05 -0.8549478E-06
  0.2982971E+02  0.1336371E-05 -0.7096337E-06
  0.2992776E+02  0.1332158E-05 -0.4296060E-06
  0.3002582E+02  0.1326985E-05 -0.5275882E-06
  0.3012387E+02  0.1322435E-05 -0.4640854E-06
  0.3022192E+02  0.1318506E-05 -0.4006560E-06
  0.3031998E+02  0.1314545E-05 -0.4039619E-06
  0.3041803E+02  0.1318710E-05  0.4247757E-06
  0.3051608E+02  0.1313263E-05 -0.5555652E-06
  0.3061413E+02  0.1307279E-05 -0.6102549E-06
  0.3071219E+02  0.1302028E-05 -0.5355648E-06
  0.3081024E+02  0.1301018E-05 -0.1029256E-06
  0.3090829E+02  0.1297557E-05 -0.3529796E-06
  0.3100635E+02  0.1295592E-05 -0.2004058E-06
  0.3110440E+02  0.1294072E-05 -0.1550202E-06
  0.3120245E+02  0.1290664E-05 -0.3475753E-06
  0.3130050E+02  0.1291195E-05  0.5412365E-07
  0.3139856E+02  0.1287365E-05 -0.3906241E-06
  0.3149661E+02  0.1281906E-05 -0.5566692E-06
  0.3159466E+02  0.1278191E-05 -0.3789437E-06
  0.3169272E+02  0.1273558E-05 -0.4724951E-06
  0.3179077E+02  0.1270997E-05 -0.2612057E-06
  0.3188882E+02  0.1270975E-05 -0.2177005E-08
  0.3198687E+02  0.1270855E-05 -0.1231280E-07
  0.3208493E+02  0.1267909E-05 -0.3004018E-06
  0.3218298E+02  0.1260811E-05 -0.7238970E-06
  0.3228103E+02  0.1292906E-05  0.3273184E-05
  0.3237909E+02  0.1279268E-05 -0.1390807E-05
  0.3247714E+02  0.1274909E-05 -0.4446316E-06
  0.3257519E+02  0.1258348E-05 -0.1688971E-05
  0.3267324E+02  0.1248092E-05 -0.1045955E-05
  0.3277130E+02  0.1249050E-05  0.9770748E-07
  0.3286935E+02  0.1244376E-05 -0.4766988E-06
  0.3296740E+02  0.1237965E-05 -0.6538383E-06
  0.3306546E+02  0.1229894E-05 -0.8230428E-06
  0.3316351E+02  0.1233654E-05  0.3834300E-06
  0.3326156E+02  0.1226367E-05 -0.7431462E-06
  0.3335961E+02  0.1231911E-05  0.5653356E-06
  0.3345767E+02  0.1227273E-05 -0.4729987E-06
  0.3355572E+02  0.1217165E-05 -0.1030846E-05
  0.3365377E+02  0.1215754E-05 -0.1438496E-06
  0.3375183E+02  0.1206156E-05 -0.9788646E-06
  0.3384988E+02  0.1205247E-05 -0.9279853E-07
  0.3394793E+02  0.1200070E-05 -0.5279591E-06
  0.3404598E+02  0.1193547E-05 -0.6652135E-06
  0.3414404E+02  0.1190581E-05 -0.3025329E-06
  0.3424209E+02  0.1185106E-05 -0.5583121E-06
  0.3434014E+02  0.1180446E-05 -0.4752593E-06
  0.3443820E+02  0.1181476E-05  0.1050386E-06
  0.3453625E+02  0.1178833E-05 -0.2695782E-06
  0.3463430E+02  0.1174541E-05 -0.4377331E-06
  0.3473235E+02  0.1166975E-05 -0.7715823E-06
  0.3483041E+02  0.1161777E-05 -0.5301505E-06
  0.3492846E+02  0.1162707E-05  0.9488394E-07
  0.3502651E+02  0.1175349E-05  0.1289321E-05
  0.3512457E+02  0.1170283E-05 -0.5166579E-06
  0.3522262E+02  0.1166823E-05 -0.3529589E-06
  0.3532067E+02  0.1162239E-05 -0.4674243E-06
  0.3541872E+02  0.1149014E-05 -0.1348838E-05
  0.3551678E+02  0.1158851E-05  0.1003280E-05
  0.3561483E+02  0.1161559E-05  0.2761284E-06
  0.3571288E+02  0.1163799E-05  0.2285335E-06
  0.3581094E+02  0.1161107E-05 -0.2746074E-06
  0.3590899E+02  0.1136752E-05 -0.2483802E-05
  0.3600704E+02  0.1137352E-05  0.6117711E-07
  0.3610509E+02  0.1149512E-05  0.1240153E-05
  0.3620315E+02  0.1122982E-05 -0.2705715E-05
  0.3630120E+02  0.1120348E-05 -0.2686608E-06
  0.3639925E+02  0.1130412E-05  0.1026372E-05
  0.3649731E+02  0.1124293E-05 -0.6240169E-06
  0.3659536E+02  0.1131530E-05  0.7380411E-06
  0.3669341E+02  0.1127226E-05 -0.4388731E-06
  0.3679146E+02  0.1112609E-05 -0.1490733E-05
  0.3688952E+02  0.1113758E-05  0.1171919E-06
  0.3698757E+02  0.1121936E-05  0.8339928E-06
  0.3708562E+02  0.1112159E-05 -0.9971415E-06
  0.3718368E+02  0.1097948E-05 -0.1449280E-05
  0.3728173E+02  0.1097580E-05 -0.3755536E-07
  0.3737978E+02  0.1089387E-05 -0.8355511E-06
  0.3747783E+02  0.1081808E-05 -0.7729224E-06
  0.3757589E+02  0.1082919E-05  0.1132776E-06
  0.3767394E+02  0.1072712E-05 -0.1040944E-05
  0.3777199E+02  0.1080646E-05  0.8091489E-06
  0.3787005E+02  0.1096437E-05  0.1610399E-05
  0.3796810E+02  0.1084360E-05 -0.1231672E-05
  0.3806615E+02  0.1071102E-05 -0.1352052E-05
  0.3816420E+02  0.1053038E-05 -0.1842294E-05
  0.3826226E+02  0.1047759E-05 -0.5384094E-06
  0.3836031E+02  0.1043382E-05 -0.4464286E-06
  0.3845836E+02  0.1044986E-05  0.1636722E-06
  0.3855642E+02  0.1044982E-05 -0.4173343E-09
  0.3865447E+02  0.1043491E-05 -0.1521399E-06
  0.3875252E+02  0.1040974E-05 -0.2566601E-06
  0.3885057E+02  0.1033294E-05 -0.7832403E-06
  0.3894863E+02  0.1028142E-05 -0.5254090E-06
  0.3904668E+02  0.1023329E-05 -0.4908771E-06
  0.3914473E+02  0.1020690E-05 -0.2691732E-06
  0.3924279E+02  0.1016840E-05 -0.3926091E-06
  0.3934084E+02  0.1015686E-05 -0.1177322E-06
  0.3943889E+02  0.1011987E-05 -0.3771960E-06
  0.3953694E+02  0.1011604E-05 -0.3911858E-07
  0.3963500E+02  0.1011010E-05 -0.6051824E-07
  0.3973305E+02  0.1011712E-05  0.7154786E-07
  0.3983110E+02  0.1007064E-05 -0.4739862E-06
  0.3992916E+02  0.1004296E-05 -0.2823029E-06
  0.4002721E+02  0.1000852E-05 -0.3512499E-06
  0.4012526E+02  0.9990682E-06 -0.1819309E-06
  0.4022331E+02  0.1002516E-05  0.3516309E-06
  0.4032137E+02  0.9978130E-06 -0.4796424E-06
  0.4041942E+02  0.9927151E-06 -0.5199174E-06
  0.4051747E+02  0.9928517E-06  0.1393213E-07
  0.4061553E+02  0.9912876E-06 -0.1595112E-06
  0.4071358E+02  0.9882523E-06 -0.3095643E-06
  0.4081163E+02  0.9829484E-06 -0.5409179E-06
  0.4090968E+02  0.9799132E-06 -0.3095449E-06
  0.4100774E+02  0.9672795E-06 -0.1288459E-05
  0.4110579E+02  0.9822343E-06  0.1525176E-05
  0.4120384E+02  0.9854044E-06  0.3233080E-06
  0.4130190E+02  0.9984285E-06  0.1328270E-05
  0.4139995E+02  0.9944686E-06 -0.4038497E-06
  0.4149800E+02  0.9904973E-06 -0.4050199E-06
  0.4159605E+02  0.9855866E-06 -0.5008211E-06
  0.4169411E+02  0.9701052E-06 -0.1578882E-05
  0.4179216E+02  0.9626545E-06 -0.7598649E-06
  0.4189021E+02  0.9525222E-06 -0.1033354E-05
  0.4198827E+02  0.9475781E-06 -0.5042315E-06
  0.4208632E+02  0.9471353E-06 -0.4515927E-07
  0.4218437E+02  0.9462590E-06 -0.8936398E-07
  0.4228242E+02  0.9589773E-06  0.1297088E-05
  0.4238048E+02  0.9471755E-06 -0.1203621E-05
  0.4247853E+02  0.9430365E-06 -0.4221174E-06
  0.4257658E+02  0.9374528E-06 -0.5694639E-06
  0.4267464E+02  0.9344288E-06 -0.3084032E-06
  0.4277269E+02  0.9267380E-06 -0.7843532E-06
  0.4287074E+02  0.9212616E-06 -0.5585067E-06
  0.4296879E+02  0.9164023E-06 -0.4955828E-06
  0.4306685E+02  0.9124336E-06 -0.4047573E-06
  0.4316490E+02  0.9100343E-06 -0.2446928E-06
  0.4326295E+02  0.9160940E-06  0.6180032E-06
  0.4336101E+02  0.9055110E-06 -0.1079316E-05
  0.4345906E+02  0.9048691E-06 -0.6545772E-07
  0.4355711E+02  0.8996877E-06 -0.5284343E-06
  0.4365516E+02  0.9051747E-06  0.5595959E-06
  0.4375322E+02  0.8954667E-06 -0.9900817E-06
  0.4385127E+02  0.8915872E-06 -0.3956498E-06
  0.4394932E+02  0.8913893E-06 -0.2018525E-07
  0.4404738E+02  0.8884240E-06 -0.3024165E-06
  0.4414543E+02  0.8886550E-06  0.2356190E-07
  0.4424348E+02  0.8844767E-06 -0.4261269E-06
  0.4434153E+02  0.8808625E-06 -0.3686045E-06
  0.4443959E+02  0.8754601E-06 -0.5509657E-06
  0.4453764E+02  0.8817694E-06  0.6434622E-06
  0.4463569E+02  0.8720463E-06 -0.9916209E-06
  0.4473374E+02  0.8729280E-06  0.8992418E-07
  0.4483180E+02  0.8678651E-06 -0.5163479E-06
  0.4492985E+02  0.8617585E-06 -0.6227872E-06
  0.4502790E+02  0.8569196E-06 -0.4935008E-06
  0.4512596E+02  0.8524357E-06 -0.4572944E-06
  0.4522401E+02  0.8491539E-06 -0.3346961E-06
  0.4532206E+02  0.8462677E-06 -0.2943434E-06
  0.4542011E+02  0.8424394E-06 -0.3904388E-06
  0.4551817E+02  0.8394120E-06 -0.3087489E-06
  0.4561622E+02  0.8347648E-06 -0.4739494E-06
  0.4571427E+02  0.8284529E-06 -0.6437203E-06
  0.4581233E+02  0.8253104E-06 -0.3204900E-06
  0.4591038E+02  0.8190429E-06 -0.6392009E-06
  0.4600843E+02  0.8157982E-06 -0.3309155E-06
  0.4610648E+02  0.8117922E-06 -0.4085516E-06
  0.4620454E+02  0.8095089E-06 -0.2328701E-06
  0.4630259E+02  0.8046313E-06 -0.4974377E-06
  0.4640064E+02  0.8020181E-06 -0.2665108E-06
  0.4649870E+02  0.7982691E-06 -0.3823512E-06
  0.4659675E+02  0.7953656E-06 -0.2961111E-06
  0.4669480E+02  0.7929003E-06 -0.2514304E-06
  0.4679285E+02  0.7899467E-06 -0.3012176E-06
  0.4689091E+02  0.7861943E-06 -0.3826922E-06
  0.4698896E+02  0.7831501E-06 -0.3104665E-06
  0.4708701E+02  0.7803433E-06 -0.2862536E-06
  0.4718507E+02  0.7765657E-06 -0.3852626E-06
  0.4728312E+02  0.7731033E-06 -0.3531201E-06
  0.4738117E+02  0.7706062E-06 -0.2546641E-06
  0.4747922E+02  0.7663548E-06 -0.4335796E-06
  0.4757728E+02  0.7629953E-06 -0.3426259E-06
  0.4767533E+02  0.7600622E-06 -0.2991368E-06
  0.4777338E+02  0.7563506E-06 -0.3785259E-06
  0.4787144E+02  0.7537532E-06 -0.2648948E-06
  0.4796949E+02  0.7511434E-06 -0.2661715E-06
  0.4806754E+02  0.7483646E-06 -0.2833913E-06
  0.4816559E+02  0.7454044E-06 -0.3019054E-06
  0.4826365E+02  0.7426890E-06 -0.2769317E-06
  0.4836170E+02  0.7397567E-06 -0.2990500E-06
  0.4845975E+02  0.7365254E-06 -0.3295415E-06
  0.4855781E+02  0.7335632E-06 -0.3021033E-06
  0.4865586E+02  0.7303584E-06 -0.3268499E-06
  0.4875391E+02  0.7270751E-06 -0.3348473E-06
  0.4885196E+02  0.7232784E-06 -0.3872119E-06
  0.4895002E+02  0.7197964E-06 -0.3551173E-06
  0.4904807E+02  0.7174618E-06 -0.2380880E-06
  0.4914612E+02  0.7151614E-06 -0.2346112E-06
  0.4924418E+02  0.7115069E-06 -0.3727057E-06
  0.4934223E+02  0.7089997E-06 -0.2557034E-06
  0.4944028E+02  0.7064918E-06 -0.2557657E-06
  0.4953833E+02  0.7036452E-06 -0.2903109E-06
  0.4963639E+02  0.7010158E-06 -0.2681644E-06
  0.4973444E+02  0.6986530E-06 -0.2409711E-06
  0.4983249E+02  0.6967259E-06 -0.1965383E-06
  0.4993055E+02  0.6945519E-06 -0.2217206E-06
  0.5002860E+02  0.6921042E-06 -0.2496297E-06
  0.5012665E+02  0.6897072E-06 -0.2444603E-06
  0.5022470E+02  0.6861255E-06 -0.3652827E-06
  0.5032276E+02  0.6838600E-06 -0.2310423E-06
  0.5042081E+02  0.6816353E-06 -0.2268964E-06
  0.5051886E+02  0.6792295E-06 -0.2453526E-06
  0.5061692E+02  0.6769613E-06 -0.2313208E-06
  0.5071497E+02  0.6748427E-06 -0.2160697E-06
  0.5081302E+02  0.6724963E-06 -0.2393053E-06
  0.5091107E+02  0.6704736E-06 -0.2062850E-06
  0.5100913E+02  0.6680890E-06 -0.2431914E-06
  0.5110718E+02  0.6647421E-06 -0.3413400E-06
  0.5120523E+02  0.6623063E-06 -0.2484163E-06
  0.5130329E+02  0.6598073E-06 -0.2548588E-06
  0.5140134E+02  0.6581606E-06 -0.1679467E-06
  0.5149939E+02  0.6555957E-06 -0.2615835E-06
  0.5159744E+02  0.6530103E-06 -0.2636748E-06
  0.5169550E+02  0.6507678E-06 -0.2286989E-06
  0.5179355E+02  0.6488289E-06 -0.1977389E-06
  0.5189160E+02  0.6472504E-06 -0.1609804E-06
  0.5198966E+02  0.6454087E-06 -0.1878365E-06
  0.5208771E+02  0.6437578E-06 -0.1683675E-06
  0.5218576E+02  0.6418366E-06 -0.1959293E-06
  0.5228381E+02  0.6390827E-06 -0.2808575E-06
  0.5238187E+02  0.6367581E-06 -0.2370822E-06
  0.5247992E+02  0.6344571E-06 -0.2346624E-06
  0.5257797E+02  0.6315887E-06 -0.2925395E-06
  0.5267603E+02  0.6295406E-06 -0.2088751E-06
  0.5277408E+02  0.6269415E-06 -0.2650779E-06
  0.5287213E+02  0.6242292E-06 -0.2766125E-06
  0.5297018E+02  0.6226167E-06 -0.1644541E-06
  0.5306824E+02  0.6213156E-06 -0.1326929E-06
  0.5316629E+02  0.6199481E-06 -0.1394630E-06
  0.5326434E+02  0.6182934E-06 -0.1687623E-06
  0.5336240E+02  0.6182895E-06 -0.3917219E-09
  0.5346045E+02  0.6170475E-06 -0.1266663E-06
  0.5355850E+02  0.6170996E-06  0.5311278E-08
  0.5365655E+02  0.6147021E-06 -0.2445060E-06
  0.5375461E+02  0.6171195E-06  0.2465316E-06
  0.5385266E+02  0.6138104E-06 -0.3374774E-06
  0.5395071E+02  0.6125704E-06 -0.1264617E-06
  0.5404877E+02  0.6088482E-06 -0.3796088E-06
  0.5414682E+02  0.6069371E-06 -0.1949060E-06
  0.5424487E+02  0.6024239E-06 -0.4602800E-06
  0.5434292E+02  0.6031791E-06  0.7701436E-07
  0.5444098E+02  0.6022544E-06 -0.9430219E-07
  0.5453903E+02  0.6012812E-06 -0.9925786E-07
  0.5463708E+02  0.6005283E-06 -0.7678775E-07
  0.5473514E+02  0.5978058E-06 -0.2776511E-06
  0.5483319E+02  0.5953023E-06 -0.2553254E-06
  0.5493124E+02  0.5938612E-06 -0.1469632E-06
  0.5502929E+02  0.5926182E-06 -0.1267732E-06
  0.5512735E+02  0.5909045E-06 -0.1747712E-06
  0.5522540E+02  0.5896922E-06 -0.1236344E-06
  0.5532345E+02  0.5881214E-06 -0.1602011E-06
  0.5542151E+02  0.5878218E-06 -0.3056084E-07
  0.5551956E+02  0.5855671E-06 -0.2299451E-06
  0.5561761E+02  0.5884619E-06  0.2952262E-06
  0.5571566E+02  0.5872612E-06 -0.1224556E-06
  0.5581372E+02  0.5837801E-06 -0.3550179E-06
  0.5591177E+02  0.5833492E-06 -0.4394292E-07
  0.5600982E+02  0.5844360E-06  0.1108365E-06
  0.5610788E+02  0.5823725E-06 -0.2104521E-06
  0.5620593E+02  0.5821258E-06 -0.2515393E-07
  0.5630398E+02  0.5810033E-06 -0.1144796E-06
  0.5640203E+02  0.5794553E-06 -0.1578730E-06
  0.5650009E+02  0.5817152E-06  0.2304742E-06
  0.5659814E+02  0.5825178E-06  0.8185819E-07
  0.5669619E+02  0.5832698E-06  0.7668653E-07
  0.5679425E+02  0.5761696E-06 -0.7241207E-06
  0.5689230E+02  0.5753127E-06 -0.8738728E-07
  0.5699035E+02  0.5740675E-06 -0.1269957E-06
  0.5708840E+02  0.5744015E-06  0.3406312E-07
  0.5718646E+02  0.5753495E-06  0.9668721E-07
  0.5728451E+02  0.5738591E-06 -0.1520005E-06
  0.5738256E+02  0.5718056E-06 -0.2094270E-06
  0.5748062E+02  0.5689391E-06 -0.2923502E-06
  0.5757867E+02  0.5651886E-06 -0.3824958E-06
  0.5767672E+02  0.5671677E-06  0.2018450E-06
  0.5777477E+02  0.5669336E-06 -0.2387489E-07
  0.5787283E+02  0.5653874E-06 -0.1576936E-06
  0.5797088E+02  0.5628785E-06 -0.2558760E-06
  0.5806893E+02  0.5616095E-06 -0.1294203E-06
  0.5816699E+02  0.5636726E-06  0.2104150E-06
  0.5826504E+02  0.5617221E-06 -0.1989306E-06
  0.5836309E+02  0.5607824E-06 -0.9582686E-07
  0.5846114E+02  0.5552218E-06 -0.5671051E-06
  0.5855920E+02  0.5570756E-06  0.1890625E-06
  0.5865725E+02  0.5566009E-06 -0.4841941E-07
  0.5875530E+02  0.5542405E-06 -0.2407213E-06
  0.5885336E+02  0.5540139E-06 -0.2310986E-07
  0.5895141E+02  0.5520328E-06 -0.2020439E-06
  0.5904946E+02  0.5513446E-06 -0.7018630E-07
  0.5914751E+02  0.5504726E-06 -0.8893180E-07
  0.5924557E+02  0.5556316E-06  0.5261444E-06
  0.5934362E+02  0.5461304E-06 -0.9689915E-06
  0.5944167E+02  0.5458852E-06 -0.2500890E-07
  0.5953973E+02  0.5439730E-06 -0.1950164E-06
  0.5963778E+02  0.5445577E-06  0.5962868E-07
  0.5973583E+02  0.5425644E-06 -0.2032820E-06
  0.5983388E+02  0.5426412E-06  0.7827321E-08
  0.5993194E+02  0.5425816E-06 -0.6074611E-08
  0.6002999E+02  0.5431437E-06  0.5732149E-07
  0.6012804E+02  0.5395800E-06 -0.3634440E-06
  0.6022610E+02  0.5386340E-06 -0.9647575E-07
  0.6032415E+02  0.5385426E-06 -0.9320571E-08
  0.6042220E+02  0.5375945E-06 -0.9669802E-07
  0.6052025E+02  0.5351809E-06 -0.2461453E-06
  0.6061831E+02  0.5359291E-06  0.7629831E-07
  0.6071636E+02  0.5330865E-06 -0.2899039E-06
  0.6081441E+02  0.5309312E-06 -0.2198055E-06
  0.6091247E+02  0.5297781E-06 -0.1176005E-06
  0.6101052E+02  0.5305154E-06  0.7519165E-07
  0.6110857E+02  0.5297002E-06 -0.8314165E-07
  0.6120662E+02  0.5272333E-06 -0.2515860E-06
  0.6130468E+02  0.5253260E-06 -0.1945201E-06
  0.6140273E+02  0.5238874E-06 -0.1467092E-06
  0.6150078E+02  0.5204008E-06 -0.3555884E-06
  0.6159884E+02  0.5201663E-06 -0.2391356E-07
  0.6169689E+02  0.5171076E-06 -0.3119447E-06
  0.6179494E+02  0.5145220E-06 -0.2636955E-06
  0.6189299E+02  0.5129796E-06 -0.1573016E-06
  0.6199105E+02  0.5105702E-06 -0.2457267E-06
  0.6208910E+02  0.5083953E-06 -0.2218124E-06
  0.6218715E+02  0.5055470E-06 -0.2904798E-06
  0.6228521E+02  0.5037256E-06 -0.1857598E-06
  0.6238326E+02  0.5012575E-06 -0.2517107E-06
  0.6248131E+02  0.4956556E-06 -0.5713092E-06
  0.6257936E+02  0.4937685E-06 -0.1924648E-06
  0.6267742E+02  0.4892749E-06 -0.4582834E-06
  0.6277547E+02  0.4893423E-06  0.6876450E-08
  0.6287352E+02  0.4837560E-06 -0.5697205E-06
  0.6297158E+02  0.4841558E-06  0.4077555E-07
  0.6306963E+02  0.4802726E-06 -0.3960357E-06
  0.6316768E+02  0.4769470E-06 -0.3391616E-06
  0.6326573E+02  0.4750418E-06 -0.1943076E-06
  0.6336379E+02  0.4735828E-06 -0.1487983E-06
  0.6346184E+02  0.4713758E-06 -0.2250764E-06
  0.6355989E+02  0.4702894E-06 -0.1108029E-06
  0.6365795E+02  0.4679692E-06 -0.2366240E-06
  0.6375600E+02  0.4662220E-06 -0.1781956E-06
  0.6385405E+02  0.4647802E-06 -0.1470349E-06
  0.6395210E+02  0.4611614E-06 -0.3690700E-06
  0.6405016E+02  0.4589641E-06 -0.2240949E-06
  0.6414821E+02  0.4569923E-06 -0.2010967E-06
  0.6424626E+02  0.4553357E-06 -0.1689506E-06
  0.6434432E+02  0.4546481E-06 -0.7012688E-07
  0.6444237E+02  0.4513422E-06 -0.3371468E-06
  0.6454042E+02  0.4522858E-06  0.9623003E-07
  0.6463847E+02  0.4494429E-06 -0.2899308E-06
  0.6473653E+02  0.4464555E-06 -0.3046768E-06
  0.6483458E+02  0.4428735E-06 -0.3653109E-06
  0.6493263E+02  0.4414977E-06 -0.1403120E-06
  0.6503069E+02  0.4386156E-06 -0.2939369E-06
  0.6512874E+02  0.4333243E-06 -0.5396351E-06
  0.6522679E+02  0.4284213E-06 -0.5000398E-06
  0.6532484E+02  0.4254098E-06 -0.3071291E-06
  0.6542290E+02  0.4215378E-06 -0.3948851E-06
  0.6552095E+02  0.4199356E-06 -0.1634076E-06
  0.6561900E+02  0.4150016E-06 -0.5032006E-06
  0.6571706E+02  0.4137580E-06 -0.1268206E-06
  0.6581511E+02  0.4080597E-06 -0.5811476E-06
  0.6591316E+02  0.4011341E-06 -0.7063199E-06
  0.6601121E+02  0.3998594E-06 -0.1300008E-06
  0.6610927E+02  0.3936982E-06 -0.6283509E-06
  0.6620732E+02  0.3878567E-06 -0.5957466E-06
  0.6630537E+02  0.3861632E-06 -0.1727205E-06
  0.6640343E+02  0.3821327E-06 -0.4110529E-06
  0.6650148E+02  0.3779495E-06 -0.4266227E-06
  0.6659953E+02  0.3737022E-06 -0.4331648E-06
  0.6669758E+02  0.3677497E-06 -0.6070669E-06
  0.6679564E+02  0.3633015E-06 -0.4536578E-06
  0.6689369E+02  0.3584802E-06 -0.4917032E-06
  0.6699174E+02  0.3555192E-06 -0.3019855E-06
  0.6708980E+02  0.3524931E-06 -0.3086137E-06
  0.6718785E+02  0.3466768E-06 -0.5931821E-06
  0.6728590E+02  0.3407500E-06 -0.6044436E-06
  0.6738395E+02  0.3367140E-06 -0.4116191E-06
  0.6748201E+02  0.3324273E-06 -0.4371796E-06
  0.6758006E+02  0.3288357E-06 -0.3662989E-06
  0.6767811E+02  0.3252220E-06 -0.3685476E-06
  0.6777617E+02  0.3217207E-06 -0.3570765E-06
  0.6787422E+02  0.3180113E-06 -0.3783081E-06
  0.6797227E+02  0.3135492E-06 -0.4550740E-06
  0.6807032E+02  0.3121071E-06 -0.1470745E-06
  0.6816838E+02  0.3099887E-06 -0.2160442E-06
  0.6826643E+02  0.3079135E-06 -0.2116375E-06
  0.6836448E+02  0.3070372E-06 -0.8937041E-07
  0.6846254E+02  0.3059204E-06 -0.1139029E-06
  0.6856059E+02  0.3032640E-06 -0.2709163E-06
  0.6865864E+02  0.3020520E-06 -0.1235973E-06
  0.6875669E+02  0.3012741E-06 -0.7934466E-07
  0.6885475E+02  0.3000856E-06 -0.1212025E-06
  0.6895280E+02  0.2987209E-06 -0.1391848E-06
  0.6905085E+02  0.2961812E-06 -0.2590091E-06
  0.6914891E+02  0.2948090E-06 -0.1399508E-06
  0.6924696E+02  0.2919618E-06 -0.2903716E-06
  0.6934501E+02  0.2894220E-06 -0.2590219E-06
  0.6944306E+02  0.2868697E-06 -0.2602957E-06
  0.6954112E+02  0.2839046E-06 -0.3023973E-06
  0.6963917E+02  0.2822950E-06 -0.1641607E-06
  0.6973722E+02  0.2798849E-06 -0.2457931E-06
  0.6983527E+02  0.2783363E-06 -0.1579377E-06
  0.6993333E+02  0.2769866E-06 -0.1376538E-06
  0.7003138E+02  0.2747711E-06 -0.2259506E-06
  0.7012943E+02  0.2736353E-06 -0.1158348E-06
  0.7022749E+02  0.2722893E-06 -0.1372720E-06
  0.7032554E+02  0.2710311E-06 -0.1283134E-06
  0.7042359E+02  0.2720057E-06  0.9939145E-07
  0.7052164E+02  0.2710215E-06 -0.1003771E-06
  0.7061970E+02  0.2690978E-06 -0.1961843E-06
  0.7071775E+02  0.2660422E-06 -0.3116244E-06
  0.7081580E+02  0.2640089E-06 -0.2073692E-06
  0.7091386E+02  0.2630348E-06 -0.9935255E-07
  0.7101191E+02  0.2612696E-06 -0.1800161E-06
  0.7110996E+02  0.2601662E-06 -0.1125367E-06
  0.7120801E+02  0.2584068E-06 -0.1794318E-06
  0.7130607E+02  0.2572991E-06 -0.1129662E-06
  0.7140412E+02  0.2554407E-06 -0.1895383E-06
  0.7150217E+02  0.2533560E-06 -0.2126041E-06
  0.7160023E+02  0.2521497E-06 -0.1230259E-06
  0.7169828E+02  0.2506953E-06 -0.1483285E-06
  0.7179633E+02  0.2486170E-06 -0.2119581E-06
  0.7189438E+02  0.2470103E-06 -0.1638638E-06
  0.7199244E+02  0.2457576E-06 -0.1277526E-06
  0.7209049E+02  0.2439141E-06 -0.1880127E-06
  0.7218854E+02  0.2423000E-06 -0.1646184E-06
  0.7228660E+02  0.2402182E-06 -0.2123078E-06
  0.7238465E+02  0.2383220E-06 -0.1933939E-06
  0.7248270E+02  0.2367570E-06 -0.1596039E-06
  0.7258075E+02  0.2353456E-06 -0.1439418E-06
  0.7267881E+02  0.2339727E-06 -0.1400130E-06
  0.7277686E+02  0.2322018E-06 -0.1806098E-06
  0.7287491E+02  0.2307706E-06 -0.1459623E-06
  0.7297297E+02  0.2296868E-06 -0.1105284E-06
  0.7307102E+02  0.2281811E-06 -0.1535648E-06
  0.7316907E+02  0.2264994E-06 -0.1715050E-06
  0.7326712E+02  0.2249785E-06 -0.1551113E-06
  0.7336518E+02  0.2232776E-06 -0.1734736E-06
  0.7346323E+02  0.2219298E-06 -0.1374518E-06
  0.7356128E+02  0.2202865E-06 -0.1675953E-06
  0.7365934E+02  0.2193218E-06 -0.9838422E-07
  0.7375739E+02  0.2181540E-06 -0.1191035E-06
  0.7385544E+02  0.2167806E-06 -0.1400658E-06
  0.7395349E+02  0.2157557E-06 -0.1045210E-06
  0.7405155E+02  0.2145419E-06 -0.1237940E-06
  0.7414960E+02  0.2134731E-06 -0.1089979E-06
  0.7424765E+02  0.2123735E-06 -0.1121514E-06
  0.7434571E+02  0.2110766E-06 -0.1322648E-06
  0.7444376E+02  0.2095213E-06 -0.1586174E-06
  0.7454181E+02  0.2087790E-06 -0.7570094E-07
  0.7463986E+02  0.2079427E-06 -0.8528976E-07
  0.7473792E+02  0.2069622E-06 -0.1000039E-06
  0.7483597E+02  0.2056473E-06 -0.1340959E-06
  0.7493402E+02  0.2038422E-06 -0.1840996E-06
  0.7503208E+02  0.2016685E-06 -0.2216819E-06
  0.7513013E+02  0.1992456E-06 -0.2471059E-06
  0.7522818E+02  0.1979257E-06 -0.1346065E-06
  0.7532623E+02  0.1960100E-06 -0.1953752E-06
  0.7542429E+02  0.1941213E-06 -0.1926163E-06
  0.7552234E+02  0.1923918E-06 -0.1763921E-06
  0.7562039E+02  0.1910126E-06 -0.1406505E-06
  0.7571845E+02  0.1892209E-06 -0.1827367E-06
  0.7581650E+02  0.1871325E-06 -0.2129830E-06
  0.7591455E+02  0.1855872E-06 -0.1576006E-06
  0.7601260E+02  0.1834618E-06 -0.2167536E-06
  0.7611066E+02  0.1815975E-06 -0.1901360E-06
  0.7620871E+02  0.1803326E-06 -0.1290023E-06
  0.7630676E+02  0.1787921E-06 -0.1571099E-06
  0.7640482E+02  0.1769906E-06 -0.1837223E-06
  0.7650287E+02  0.1760455E-06 -0.9638660E-07
  0.7660092E+02  0.1744220E-06 -0.1655776E-06
  0.7669897E+02  0.1724490E-06 -0.2012195E-06
  0.7679703E+02  0.1706480E-06 -0.1836759E-06
  0.7689508E+02  0.1687683E-06 -0.1917015E-06
  0.7699313E+02  0.1669821E-06 -0.1821694E-06
  0.7709119E+02  0.1657474E-06 -0.1259185E-06
  0.7718924E+02  0.1642779E-06 -0.1498697E-06
  0.7728729E+02  0.1623616E-06 -0.1954360E-06
  0.7738534E+02  0.1608699E-06 -0.1521314E-06
  0.7748340E+02  0.1594917E-06 -0.1405587E-06
  0.7758145E+02  0.1572762E-06 -0.2259477E-06
  0.7767950E+02  0.1551829E-06 -0.2134849E-06
  0.7777756E+02  0.1535870E-06 -0.1627667E-06
  0.7787561E+02  0.1515422E-06 -0.2085336E-06
  0.7797366E+02  0.1492092E-06 -0.2379374E-06
  0.7807171E+02  0.1476534E-06 -0.1586675E-06
  0.7816977E+02  0.1459231E-06 -0.1764684E-06
  0.7826782E+02  0.1440389E-06 -0.1921590E-06
  0.7836587E+02  0.1421707E-06 -0.1905345E-06
  0.7846393E+02  0.1406067E-06 -0.1595020E-06
  0.7856198E+02  0.1381053E-06 -0.2551041E-06
  0.7866003E+02  0.1364365E-06 -0.1702023E-06
  0.7875808E+02  0.1350923E-06 -0.1370894E-06
  0.7885614E+02  0.1333812E-06 -0.1745003E-06
  0.7895419E+02  0.1320096E-06 -0.1398819E-06
  0.7905224E+02  0.1302151E-06 -0.1830211E-06
  0.7915030E+02  0.1281782E-06 -0.2077353E-06
  0.7924835E+02  0.1265759E-06 -0.1634078E-06
  0.7934640E+02  0.1249108E-06 -0.1698156E-06
  0.7944445E+02  0.1235374E-06 -0.1400736E-06
  0.7954251E+02  0.1221916E-06 -0.1372494E-06
  0.7964056E+02  0.1198492E-06 -0.2388894E-06
  0.7973861E+02  0.1178416E-06 -0.2047421E-06
  0.7983667E+02  0.1159148E-06 -0.1965135E-06
  0.7993472E+02  0.1140326E-06 -0.1919516E-06
  0.8003277E+02  0.1127410E-06 -0.1317283E-06
  0.8013082E+02  0.1113598E-06 -0.1408635E-06
  0.8022888E+02  0.1100947E-06 -0.1290271E-06
  0.8032693E+02  0.1086999E-06 -0.1422484E-06
  0.8042498E+02  0.1073001E-06 -0.1427552E-06
  0.8052304E+02  0.1058717E-06 -0.1456808E-06
  0.8062109E+02  0.1041632E-06 -0.1742408E-06
  0.8071914E+02  0.1030996E-06 -0.1084686E-06
  0.8081719E+02  0.1022020E-06 -0.9154519E-07
  0.8091525E+02  0.1010729E-06 -0.1151555E-06
  0.8101330E+02  0.1000073E-06 -0.1086717E-06
  0.8111135E+02  0.9880167E-07 -0.1229576E-06
  0.8120941E+02  0.9763561E-07 -0.1189218E-06
  0.8130746E+02  0.9631535E-07 -0.1346474E-06
  0.8140551E+02  0.9536450E-07 -0.9697365E-07
  0.8150356E+02  0.9420942E-07 -0.1178020E-06
  0.8160162E+02  0.9318020E-07 -0.1049655E-06
  0.8169967E+02  0.9197247E-07 -0.1231716E-06
  0.8179772E+02  0.9077577E-07 -0.1220461E-06
  0.8189578E+02  0.8989192E-07 -0.9013978E-07
  0.8199383E+02  0.8886021E-07 -0.1052203E-06
  0.8209188E+02  0.8786251E-07 -0.1017516E-06
  0.8218993E+02  0.8677782E-07 -0.1106227E-06
  0.8228799E+02  0.8588687E-07 -0.9086406E-07
  0.8238604E+02  0.8475939E-07 -0.1149867E-06
  0.8248409E+02  0.8374166E-07 -0.1037948E-06
  0.8258215E+02  0.8290288E-07 -0.8554320E-07
  0.8268020E+02  0.8193450E-07 -0.9876101E-07
  0.8277825E+02  0.8115047E-07 -0.7995985E-07
  0.8287630E+02  0.8043271E-07 -0.7320134E-07
  0.8297436E+02  0.7973000E-07 -0.7166658E-07
  0.8307241E+02  0.7905169E-07 -0.6917753E-07
  0.8317046E+02  0.7827472E-07 -0.7924020E-07
  0.8326852E+02  0.7770277E-07 -0.5833122E-07
  0.8336657E+02  0.7681998E-07 -0.9003197E-07
  0.8346462E+02  0.7616372E-07 -0.6692883E-07
  0.8356267E+02  0.7560162E-07 -0.5732632E-07
  0.8366073E+02  0.7494519E-07 -0.6694622E-07
  0.8375878E+02  0.7446048E-07 -0.4943432E-07
  0.8385683E+02  0.7426659E-07 -0.1977422E-07
  0.8395489E+02  0.7373538E-07 -0.5417540E-07
  0.8405294E+02  0.7313986E-07 -0.6073463E-07
  0.8415099E+02  0.7277078E-07 -0.3764083E-07
  0.8424904E+02  0.7223442E-07 -0.5470162E-07
  0.8434710E+02  0.7273383E-07  0.5093302E-07
  0.8444515E+02  0.7238337E-07 -0.3574225E-07
  0.8454320E+02  0.7160271E-07 -0.7961585E-07
  0.8464126E+02  0.7116900E-07 -0.4423211E-07
  0.8473931E+02  0.7061731E-07 -0.5626508E-07
  0.8483736E+02  0.6998659E-07 -0.6432379E-07
  0.8493541E+02  0.6946269E-07 -0.5343063E-07
  0.8503347E+02  0.6890515E-07 -0.5686083E-07
  0.8513152E+02  0.6877652E-07 -0.1311857E-07
  0.8522957E+02  0.6964389E-07  0.8845962E-07
  0.8532763E+02  0.6831191E-07 -0.1358434E-06
  0.8542568E+02  0.6747449E-07 -0.8540548E-07
  0.8552373E+02  0.6722298E-07 -0.2565043E-07
  0.8562178E+02  0.6684667E-07 -0.3837779E-07
  0.8571984E+02  0.6559326E-07 -0.1278303E-06
  0.8581789E+02  0.6547270E-07 -0.1229562E-07
  0.8591594E+02  0.6528703E-07 -0.1893508E-07
  0.8601400E+02  0.6506903E-07 -0.2223302E-07
  0.8611205E+02  0.6450422E-07 -0.5760254E-07
  0.8621010E+02  0.6250534E-07 -0.2038576E-06
  0.8630815E+02  0.6280914E-07  0.3098347E-07
  0.8640621E+02  0.6225144E-07 -0.5687715E-07
  0.8650426E+02  0.6163875E-07 -0.6248616E-07
  0.8660231E+02  0.6162204E-07 -0.1704386E-08
  0.8670037E+02  0.6142449E-07 -0.2014738E-07
  0.8679842E+02  0.6058413E-07 -0.8570493E-07
  0.8689647E+02  0.6001577E-07 -0.5796389E-07
  0.8699452E+02  0.5954332E-07 -0.4818337E-07
  0.8709258E+02  0.5912946E-07 -0.4220795E-07
  0.8719063E+02  0.5879168E-07 -0.3444845E-07
  0.8728868E+02  0.5843765E-07 -0.3610655E-07
  0.8738674E+02  0.5814670E-07 -0.2967266E-07
  0.8748479E+02  0.5789036E-07 -0.2614281E-07
  0.8758284E+02  0.5760072E-07 -0.2953925E-07
  0.8768089E+02  0.5701763E-07 -0.5946682E-07
  0.8777895E+02  0.5633656E-07 -0.6945997E-07
  0.8787700E+02  0.5579675E-07 -0.5505312E-07
  0.8797505E+02  0.5493688E-07 -0.8769399E-07
  0.8807311E+02  0.5429622E-07 -0.6533795E-07
  0.8817116E+02  0.5350053E-07 -0.8114919E-07
  0.8826921E+02  0.5301048E-07 -0.4997868E-07
  0.8836726E+02  0.5230098E-07 -0.7235874E-07
  0.8846532E+02  0.5149444E-07 -0.8225613E-07
  0.8856337E+02  0.5046896E-07 -0.1045837E-06
  0.8866142E+02  0.4935615E-07 -0.1134913E-06
  0.8875948E+02  0.4862368E-07 -0.7470138E-07
  0.8885753E+02  0.4792034E-07 -0.7173014E-07
  0.8895558E+02  0.4746733E-07 -0.4620062E-07
  0.8905363E+02  0.4692908E-07 -0.5489482E-07
  0.8915169E+02  0.4603404E-07 -0.9128050E-07
  0.8924974E+02  0.4540823E-07 -0.6382448E-07
  0.8934779E+02  0.4447202E-07 -0.9547932E-07
  0.8944585E+02  0.4409256E-07 -0.3869995E-07
  0.8954390E+02  0.4368334E-07 -0.4173464E-07
  0.8964195E+02  0.4336735E-07 -0.3222692E-07
  0.8974000E+02  0.4332084E-07 -0.4742874E-08
  0.8983806E+02  0.4273868E-07 -0.5937200E-07
  0.8993611E+02  0.4213631E-07 -0.6143336E-07
  0.9003416E+02  0.4156479E-07 -0.5828692E-07
  0.9013222E+02  0.4112627E-07 -0.4472316E-07
  0.9023027E+02  0.4077003E-07 -0.3633124E-07
  0.9032832E+02  0.4016985E-07 -0.6121021E-07
  0.9042637E+02  0.3998771E-07 -0.1857522E-07
  0.9052443E+02  0.3985035E-07 -0.1400870E-07
  0.9062248E+02  0.3916609E-07 -0.6978440E-07
  0.9072053E+02  0.3854942E-07 -0.6289240E-07
  0.9081859E+02  0.3811824E-07 -0.4397384E-07
  0.9091664E+02  0.3774179E-07 -0.3839292E-07
  0.9101469E+02  0.3757866E-07 -0.1663623E-07
  0.9111274E+02  0.3744487E-07 -0.1364474E-07
  0.9121080E+02  0.3716625E-07 -0.2841564E-07
  0.9130885E+02  0.3691282E-07 -0.2584645E-07
  0.9140690E+02  0.3682473E-07 -0.8983361E-08
  0.9150496E+02  0.3669613E-07 -0.1311592E-07
  0.9160301E+02  0.3661693E-07 -0.8077058E-08
  0.9170106E+02  0.3684720E-07  0.2348404E-07
  0.9179911E+02  0.3669926E-07 -0.1508777E-07
  0.9189717E+02  0.3648910E-07 -0.2143329E-07
  0.9199522E+02  0.3657140E-07  0.8393047E-08
  0.9209327E+02  0.3612836E-07 -0.4518362E-07
  0.9219133E+02  0.3585859E-07 -0.2751227E-07
  0.9228938E+02  0.3531712E-07 -0.5522279E-07
  0.9238743E+02  0.3446042E-07 -0.8737122E-07
  0.9248548E+02  0.3413430E-07 -0.3325888E-07
  0.9258354E+02  0.3377743E-07 -0.3639644E-07
  0.9268159E+02  0.3341446E-07 -0.3701708E-07
  0.9277964E+02  0.3311237E-07 -0.3080891E-07
  0.9287770E+02  0.3275486E-07 -0.3646149E-07
  0.9297575E+02  0.3246175E-07 -0.2989262E-07
  0.9307380E+02  0.3207725E-07 -0.3921359E-07
  0.9317185E+02  0.3171146E-07 -0.3730602E-07
  0.9326991E+02  0.3134156E-07 -0.3772379E-07
  0.9336796E+02  0.3090044E-07 -0.4498844E-07
  0.9346601E+02  0.3058181E-07 -0.3249569E-07
  0.9356407E+02  0.3027202E-07 -0.3159416E-07
  0.9366212E+02  0.3002014E-07 -0.2568774E-07
  0.9376017E+02  0.2978405E-07 -0.2407775E-07
  0.9385822E+02  0.2949006E-07 -0.2998343E-07
  0.9395628E+02  0.2921333E-07 -0.2822217E-07
  0.9405433E+02  0.2902686E-07 -0.1901775E-07
  0.9415238E+02  0.2877440E-07 -0.2574656E-07
  0.9425044E+02  0.2871620E-07 -0.5936560E-08
  0.9434849E+02  0.2847595E-07 -0.2450188E-07
  0.9444654E+02  0.2816253E-07 -0.3196375E-07
  0.9454459E+02  0.2791359E-07 -0.2538886E-07
  0.9464265E+02  0.2771687E-07 -0.2006240E-07
  0.9474070E+02  0.2734063E-07 -0.3837084E-07
  0.9483875E+02  0.2705540E-07 -0.2909025E-07
  0.9493681E+02  0.2698312E-07 -0.7370625E-08
  0.9503486E+02  0.2666646E-07 -0.3229517E-07
  0.9513291E+02  0.2642267E-07 -0.2486282E-07
  0.9523096E+02  0.2618615E-07 -0.2412164E-07
  0.9532902E+02  0.2582606E-07 -0.3672418E-07
  0.9542707E+02  0.2560183E-07 -0.2286828E-07
  0.9552512E+02  0.2541828E-07 -0.1871988E-07
  0.9562317E+02  0.2505568E-07 -0.3697984E-07
  0.9572123E+02  0.2489148E-07 -0.1674602E-07
  0.9581928E+02  0.2466304E-07 -0.2329837E-07
  0.9591733E+02  0.2442020E-07 -0.2476608E-07
  0.9601539E+02  0.2425429E-07 -0.1691998E-07
  0.9611344E+02  0.2403658E-07 -0.2220340E-07
  0.9621149E+02  0.2397855E-07 -0.5917898E-08
  0.9630954E+02  0.2385496E-07 -0.1260533E-07
  0.9640760E+02  0.2377239E-07 -0.8420894E-08
  0.9650565E+02  0.2366958E-07 -0.1048474E-07
  0.9660370E+02  0.2354196E-07 -0.1301527E-07
  0.9670176E+02  0.2345208E-07 -0.9166623E-08
  0.9679981E+02  0.2330966E-07 -0.1452492E-07
  0.9689786E+02  0.2307479E-07 -0.2395368E-07
  0.9699591E+02  0.2284444E-07 -0.2349165E-07
  0.9709397E+02  0.2270652E-07 -0.1406659E-07
  0.9719202E+02  0.2249851E-07 -0.2121397E-07
  0.9729007E+02  0.2226040E-07 -0.2428376E-07
  0.9738813E+02  0.2201683E-07 -0.2484069E-07
  0.9748618E+02  0.2178818E-07 -0.2331877E-07
  0.9758423E+02  0.2157271E-07 -0.2197498E-07
  0.9768228E+02  0.2141440E-07 -0.1614577E-07
  0.9778034E+02  0.2122249E-07 -0.1957199E-07
  0.9787839E+02  0.2105708E-07 -0.1686937E-07
  0.9797644E+02  0.2081376E-07 -0.2481505E-07
  0.9807450E+02  0.2061034E-07 -0.2074633E-07
  0.9817255E+02  0.2047379E-07 -0.1392565E-07
  0.9827060E+02  0.2032897E-07 -0.1476945E-07
  0.9836865E+02  0.2014517E-07 -0.1874526E-07
  0.9846671E+02  0.1998653E-07 -0.1617862E-07
  0.9856476E+02  0.1980542E-07 -0.1847123E-07
  0.9866281E+02  0.1965597E-07 -0.1524191E-07
  0.9876087E+02  0.1951888E-07 -0.1398127E-07
  0.9885892E+02  0.1937904E-07 -0.1426168E-07
  0.9895697E+02  0.1921487E-07 -0.1674246E-07
  0.9905502E+02  0.1906816E-07 -0.1496223E-07
  0.9915308E+02  0.1892993E-07 -0.1409795E-07
  0.9925113E+02  0.1878433E-07 -0.1484912E-07
  0.9934918E+02  0.1860448E-07 -0.1834168E-07
  0.9944724E+02  0.1842474E-07 -0.1833156E-07
  0.9954529E+02  0.1826511E-07 -0.1628029E-07
  0.9964334E+02  0.1810657E-07 -0.1616808E-07
  0.9974139E+02  0.1793483E-07 -0.1751554E-07
  0.9983945E+02  0.1779444E-07 -0.1431801E-07
  0.9993750E+02  0.1762065E-07 -0.1772318E-07
  0.1000356E+03  0.1744320E-07 -0.1809795E-07
  0.1001336E+03  0.1726674E-07 -0.1799613E-07
  0.1002317E+03  0.1709100E-07 -0.1792304E-07
  0.1003297E+03  0.1694204E-07 -0.1519246E-07
  0.1004278E+03  0.1678935E-07 -0.1557200E-07
  0.1005258E+03  0.1663231E-07 -0.1601520E-07
  0.1006239E+03  0.1647431E-07 -0.1611375E-07
  0.1007219E+03  0.1634534E-07 -0.1315302E-07
  0.1008200E+03  0.1622406E-07 -0.1236980E-07
  0.1009180E+03  0.1610469E-07 -0.1217353E-07
  0.1010161E+03  0.1597588E-07 -0.1313712E-07
  0.1011141E+03  0.1581080E-07 -0.1683587E-07
  0.1012122E+03  0.1568377E-07 -0.1295520E-07
  0.1013102E+03  0.1553681E-07 -0.1498749E-07
  0.1014083E+03  0.1535709E-07 -0.1832880E-07
  0.1015063E+03  0.1521462E-07 -0.1452993E-07
  0.1016044E+03  0.1505642E-07 -0.1613473E-07
  0.1017025E+03  0.1495218E-07 -0.1063082E-07
  0.1018005E+03  0.1487130E-07 -0.8248833E-08
  0.1018986E+03  0.1476539E-07 -0.1080097E-07
  0.1019966E+03  0.1467901E-07 -0.8809734E-08
  0.1020947E+03  0.1457187E-07 -0.1092597E-07
  0.1021927E+03  0.1448055E-07 -0.9314114E-08
  0.1022908E+03  0.1440622E-07 -0.7580061E-08
  0.1023888E+03  0.1433682E-07 -0.7077685E-08
  0.1024869E+03  0.1427076E-07 -0.6737861E-08
  0.1025849E+03  0.1417767E-07 -0.9493054E-08
  0.1026830E+03  0.1411830E-07 -0.6055801E-08
  0.1027810E+03  0.1407893E-07 -0.4015257E-08
  0.1028791E+03  0.1400057E-07 -0.7991201E-08
  0.1029771E+03  0.1393142E-07 -0.7052401E-08
  0.1030752E+03  0.1387715E-07 -0.5534969E-08
  0.1031732E+03  0.1380159E-07 -0.7705331E-08
  0.1032713E+03  0.1379950E-07 -0.2137851E-09
  0.1033694E+03  0.1375298E-07 -0.4743884E-08
  0.1034674E+03  0.1372984E-07 -0.2360002E-08
  0.1035655E+03  0.1371178E-07 -0.1842052E-08
  0.1036635E+03  0.1364122E-07 -0.7196148E-08
  0.1037616E+03  0.1358331E-07 -0.5906409E-08
  0.1038596E+03  0.1352831E-07 -0.5608325E-08
  0.1039577E+03  0.1351645E-07 -0.1209822E-08
  0.1040557E+03  0.1349211E-07 -0.2482806E-08
  0.1041538E+03  0.1343132E-07 -0.6199691E-08
  0.1042518E+03  0.1338878E-07 -0.4337770E-08
  0.1043499E+03  0.1333968E-07 -0.5007450E-08
  0.1044479E+03  0.1328371E-07 -0.5708831E-08
  0.1045460E+03  0.1360538E-07  0.3280648E-07
  0.1046440E+03  0.1348942E-07 -0.1182676E-07
  0.1047421E+03  0.1340748E-07 -0.8356767E-08
  0.1048401E+03  0.1398805E-07  0.5920959E-07
  0.1049382E+03  0.1394470E-07 -0.4420824E-08
  0.1050362E+03  0.1382424E-07 -0.1228505E-07
  0.1051343E+03  0.1384934E-07  0.2559772E-08
  0.1052324E+03  0.1338782E-07 -0.4706846E-07
  0.1053304E+03  0.1359022E-07  0.2064199E-07
  0.1054285E+03  0.1333102E-07 -0.2643483E-07
  0.1055265E+03  0.1344763E-07  0.1189245E-07
  0.1056246E+03  0.1348626E-07  0.3939711E-08
  0.1057226E+03  0.1355088E-07  0.6590819E-08
  0.1058207E+03  0.1356498E-07  0.1437602E-08
  0.1059187E+03  0.1326921E-07 -0.3016476E-07
  0.1060168E+03  0.1308029E-07 -0.1926643E-07
  0.1061148E+03  0.1299894E-07 -0.8296586E-08
  0.1062129E+03  0.1356383E-07  0.5761067E-07
  0.1063109E+03  0.1326388E-07 -0.3059037E-07
  0.1064090E+03  0.1282613E-07 -0.4464456E-07
  0.1065070E+03  0.1276199E-07 -0.6541264E-08
  0.1066051E+03  0.1276529E-07  0.3358775E-09
  0.1067031E+03  0.1258169E-07 -0.1872382E-07
  0.1068012E+03  0.1256101E-07 -0.2109905E-08
  0.1068993E+03  0.1254476E-07 -0.1656520E-08
  0.1069973E+03  0.1256105E-07  0.1660735E-08
  0.1070954E+03  0.1251871E-07 -0.4317746E-08
  0.1071934E+03  0.1238497E-07 -0.1363933E-07
  0.1072915E+03  0.1233742E-07 -0.4850111E-08
  0.1073895E+03  0.1227616E-07 -0.6247307E-08
  0.1074876E+03  0.1220908E-07 -0.6841078E-08
  0.1075856E+03  0.1217335E-07 -0.3644163E-08
  0.1076837E+03  0.1212377E-07 -0.5055815E-08
  0.1077817E+03  0.1209939E-07 -0.2487346E-08
  0.1078798E+03  0.1206822E-07 -0.3178043E-08
  0.1079778E+03  0.1206944E-07  0.1242749E-09
  0.1080759E+03  0.1203558E-07 -0.3453001E-08
  0.1081739E+03  0.1203846E-07  0.2928413E-09
  0.1082720E+03  0.1197586E-07 -0.6383792E-08
  0.1083700E+03  0.1192578E-07 -0.5107784E-08
  0.1084681E+03  0.1184252E-07 -0.8491278E-08
  0.1085662E+03  0.1180208E-07 -0.4124244E-08
  0.1086642E+03  0.1167792E-07 -0.1266247E-07
  0.1087623E+03  0.1157603E-07 -0.1039166E-07
  0.1088603E+03  0.1152127E-07 -0.5584844E-08
  0.1089584E+03  0.1146709E-07 -0.5524679E-08
  0.1090564E+03  0.1141048E-07 -0.5773553E-08
  0.1091545E+03  0.1134460E-07 -0.6718933E-08
  0.1092525E+03  0.1129530E-07 -0.5028524E-08
  0.1093506E+03  0.1119695E-07 -0.1003020E-07
  0.1094486E+03  0.1115442E-07 -0.4336840E-08
  0.1095467E+03  0.1104222E-07 -0.1144329E-07
  0.1096447E+03  0.1096289E-07 -0.8089866E-08
  0.1097428E+03  0.1087945E-07 -0.8510463E-08
  0.1098408E+03  0.1077544E-07 -0.1060768E-07
  0.1099389E+03  0.1071066E-07 -0.6605990E-08
  0.1100369E+03  0.1065845E-07 -0.5324585E-08
  0.1101350E+03  0.1060079E-07 -0.5880661E-08
  0.1102330E+03  0.1054552E-07 -0.5637319E-08
  0.1103311E+03  0.1049140E-07 -0.5519055E-08
  0.1104292E+03  0.1039887E-07 -0.9436591E-08
  0.1105272E+03  0.1032839E-07 -0.7187684E-08
  0.1106253E+03  0.1026350E-07 -0.6618674E-08
  0.1107233E+03  0.1018191E-07 -0.8320951E-08
  0.1108214E+03  0.1013583E-07 -0.4699096E-08
  0.1109194E+03  0.1008194E-07 -0.5496055E-08
  0.1110175E+03  0.1007175E-07 -0.1039646E-08
  0.1111155E+03  0.1005148E-07 -0.2067370E-08
  0.1112136E+03  0.9989587E-08 -0.6311735E-08
  0.1113116E+03  0.9950310E-08 -0.4005706E-08
  0.1114097E+03  0.9899387E-08 -0.5193483E-08
  0.1115077E+03  0.9868578E-08 -0.3142058E-08
  0.1116058E+03  0.9835439E-08 -0.3379748E-08
  0.1117038E+03  0.9821772E-08 -0.1393797E-08
  0.1118019E+03  0.9798258E-08 -0.2398058E-08
  0.1118999E+03  0.9775649E-08 -0.2305863E-08
  0.1119980E+03  0.9777323E-08  0.1707937E-09
  0.1120961E+03  0.9737050E-08 -0.4107300E-08
  0.1121941E+03  0.9690713E-08 -0.4725708E-08
  0.1122922E+03  0.9661741E-08 -0.2954732E-08
  0.1123902E+03  0.9637824E-08 -0.2439235E-08
  0.1124883E+03  0.9614720E-08 -0.2356296E-08
  0.1125863E+03  0.9590506E-08 -0.2469494E-08
  0.1126844E+03  0.9573173E-08 -0.1767663E-08
  0.1127824E+03  0.9536227E-08 -0.3767992E-08
  0.1128805E+03  0.9490139E-08 -0.4700316E-08
  0.1129785E+03  0.9457113E-08 -0.3368183E-08
  0.1130766E+03  0.9440419E-08 -0.1702540E-08
  0.1131746E+03  0.9437375E-08 -0.3104834E-09
  0.1132727E+03  0.9402513E-08 -0.3555426E-08
  0.1133707E+03  0.9396827E-08 -0.5799018E-09
  0.1134688E+03  0.9379519E-08 -0.1765129E-08
  0.1135668E+03  0.9353225E-08 -0.2681661E-08
  0.1136649E+03  0.9365524E-08  0.1254398E-08
  0.1137630E+03  0.9361915E-08 -0.3680553E-09
  0.1138610E+03  0.9348008E-08 -0.1418346E-08
  0.1139591E+03  0.9345536E-08 -0.2521392E-09
  0.1140571E+03  0.9319641E-08 -0.2640935E-08
  0.1141552E+03  0.9312876E-08 -0.6898704E-09
  0.1142532E+03  0.9294784E-08 -0.1845166E-08
  0.1143513E+03  0.9280010E-08 -0.1506701E-08
  0.1144493E+03  0.9341381E-08  0.6258958E-08
  0.1145474E+03  0.9347865E-08  0.6612081E-09
  0.1146454E+03  0.9256000E-08 -0.9368915E-08
  0.1147435E+03  0.9242842E-08 -0.1341870E-08
  0.1148415E+03  0.9218588E-08 -0.2473572E-08
  0.1149396E+03  0.9192972E-08 -0.2612438E-08
  0.1150376E+03  0.9143897E-08 -0.5005001E-08
  0.1151357E+03  0.9176224E-08  0.3296859E-08
  0.1152337E+03  0.9174067E-08 -0.2199060E-09
  0.1153318E+03  0.9131001E-08 -0.4392175E-08
  0.1154299E+03  0.9175280E-08  0.4515799E-08
  0.1155279E+03  0.9141595E-08 -0.3435389E-08
  0.1156260E+03  0.9119384E-08 -0.2265168E-08
  0.1157240E+03  0.9079864E-08 -0.4030447E-08
  0.1158221E+03  0.9103842E-08  0.2445406E-08
  0.1159201E+03  0.9073962E-08 -0.3047379E-08
  0.1160182E+03  0.9059250E-08 -0.1500436E-08
  0.1161162E+03  0.9044855E-08 -0.1468055E-08
  0.1162143E+03  0.9019083E-08 -0.2628357E-08
  0.1163123E+03  0.9021347E-08  0.2309124E-09
  0.1164104E+03  0.9074278E-08  0.5398217E-08
  0.1165084E+03  0.9035882E-08 -0.3915876E-08
  0.1166065E+03  0.8994451E-08 -0.4225395E-08
  0.1167045E+03  0.8999782E-08  0.5437489E-09
  0.1168026E+03  0.8972316E-08 -0.2801140E-08
  0.1169006E+03  0.8965334E-08 -0.7120964E-09
  0.1169987E+03  0.8957083E-08 -0.8414760E-09
  0.1170967E+03  0.8955655E-08 -0.1457120E-09
  0.1171948E+03  0.8924206E-08 -0.3207257E-08
  0.1172929E+03  0.8922090E-08 -0.2158547E-09
  0.1173909E+03  0.8901709E-08 -0.2078547E-08
  0.1174890E+03  0.8895717E-08 -0.6111465E-09
  0.1175870E+03  0.8854794E-08 -0.4173583E-08
  0.1176851E+03  0.8859349E-08  0.4645459E-09
  0.1177831E+03  0.8854471E-08 -0.4974588E-09
  0.1178812E+03  0.8853114E-08 -0.1383780E-09
  0.1179792E+03  0.8859046E-08  0.6049740E-09
  0.1180773E+03  0.8829433E-08 -0.3020058E-08
  0.1181753E+03  0.8840647E-08  0.1143619E-08
  0.1182734E+03  0.8833443E-08 -0.7346885E-09
  0.1183714E+03  0.8790806E-08 -0.4348403E-08
  0.1184695E+03  0.8801332E-08  0.1073515E-08
  0.1185675E+03  0.8783396E-08 -0.1829215E-08
  0.1186656E+03  0.8794775E-08  0.1160550E-08
  0.1187636E+03  0.8773831E-08 -0.2136052E-08
  0.1188617E+03  0.8753213E-08 -0.2102735E-08
  0.1189598E+03  0.8740332E-08 -0.1313653E-08
  0.1190578E+03  0.8737506E-08 -0.2882596E-09
  0.1191559E+03  0.8747491E-08  0.1018378E-08
  0.1192539E+03  0.8738774E-08 -0.8890414E-09
  0.1193520E+03  0.8720261E-08 -0.1888101E-08
  0.1194500E+03  0.8695276E-08 -0.2548050E-08
  0.1195481E+03  0.8699313E-08  0.4117174E-09
  0.1196461E+03  0.8674653E-08 -0.2514954E-08
  0.1197442E+03  0.8695187E-08  0.2094171E-08
  0.1198422E+03  0.8686116E-08 -0.9251889E-09
  0.1199403E+03  0.8666385E-08 -0.2012206E-08
  0.1200383E+03  0.8693514E-08  0.2766794E-08
  0.1201364E+03  0.8720341E-08  0.2735963E-08
  0.1202344E+03  0.8697179E-08 -0.2362207E-08
  0.1203325E+03  0.8657296E-08 -0.4067534E-08
  0.1204305E+03  0.8622267E-08 -0.3572447E-08
  0.1205286E+03  0.8619061E-08 -0.3269992E-09
  0.1206267E+03  0.8624790E-08  0.5842853E-09
  0.1207247E+03  0.8702824E-08  0.7958332E-08
  0.1208228E+03  0.8759620E-08  0.5792447E-08
  0.1209208E+03  0.8590338E-08 -0.1726433E-07
  0.1210189E+03  0.8607824E-08  0.1783238E-08
  0.1211169E+03  0.8544577E-08 -0.6450209E-08
  0.1212150E+03  0.8537891E-08 -0.6819016E-09
  0.1213130E+03  0.8530917E-08 -0.7112436E-09
  0.1214111E+03  0.8490312E-08 -0.4141112E-08
  0.1215091E+03  0.8468069E-08 -0.2268521E-08
  0.1216072E+03  0.8455676E-08 -0.1263920E-08
  0.1217052E+03  0.8436129E-08 -0.1993469E-08
  0.1218033E+03  0.8401409E-08 -0.3540962E-08
  0.1219013E+03  0.8389244E-08 -0.1240711E-08
  0.1219994E+03  0.8378380E-08 -0.1107963E-08
  0.1220974E+03  0.8385622E-08  0.7386141E-09
  0.1221955E+03  0.8372800E-08 -0.1307712E-08
  0.1222936E+03  0.8356287E-08 -0.1684095E-08
  0.1223916E+03  0.8342103E-08 -0.1446567E-08
  0.1224897E+03  0.8349274E-08  0.7314270E-09
  0.1225877E+03  0.8336998E-08 -0.1252015E-08
  0.1226858E+03  0.8340059E-08  0.3121509E-09
  0.1227838E+03  0.8327218E-08 -0.1309588E-08
  0.1228819E+03  0.8316929E-08 -0.1049367E-08
  0.1229799E+03  0.8306185E-08 -0.1095729E-08
  0.1230780E+03  0.8278764E-08 -0.2796469E-08
  0.1231760E+03  0.8271942E-08 -0.6958040E-09
  0.1232741E+03  0.8257822E-08 -0.1439991E-08
  0.1233721E+03  0.8240841E-08 -0.1731841E-08
  0.1234702E+03  0.8238575E-08 -0.2311382E-09
  0.1235682E+03  0.8223401E-08 -0.1547490E-08
  0.1236663E+03  0.8207840E-08 -0.1587045E-08
  0.1237643E+03  0.8190260E-08 -0.1792882E-08
  0.1238624E+03  0.8173148E-08 -0.1745211E-08
  0.1239604E+03  0.8170944E-08 -0.2247235E-09
  0.1240585E+03  0.8142304E-08 -0.2920884E-08
  0.1241566E+03  0.8122981E-08 -0.1970680E-08
  0.1242546E+03  0.8103295E-08 -0.2007734E-08
  0.1243527E+03  0.8098619E-08 -0.4768337E-09
  0.1244507E+03  0.8099745E-08  0.1147593E-09
  0.1245488E+03  0.8080299E-08 -0.1983153E-08
  0.1246468E+03  0.8078473E-08 -0.1862310E-09
  0.1247449E+03  0.8058010E-08 -0.2086978E-08
  0.1248429E+03  0.8054510E-08 -0.3568772E-09
  0.1249410E+03  0.8064526E-08  0.1021453E-08
  0.1250390E+03  0.8028142E-08 -0.3710629E-08
  0.1251371E+03  0.8032995E-08  0.4948635E-09
  0.1252351E+03  0.8010047E-08 -0.2340343E-08
  0.1253332E+03  0.7997494E-08 -0.1280206E-08
  0.1254312E+03  0.7980705E-08 -0.1712279E-08
  0.1255293E+03  0.7979770E-08 -0.9530020E-10
  0.1256273E+03  0.7982429E-08  0.2711283E-09
  0.1257254E+03  0.7987397E-08  0.5066870E-09
  0.1258235E+03  0.7973306E-08 -0.1437105E-08
  0.1259215E+03  0.7959974E-08 -0.1359629E-08
  0.1260196E+03  0.7973608E-08  0.1390483E-08
  0.1261176E+03  0.7954895E-08 -0.1908495E-08
  0.1262157E+03  0.7920992E-08 -0.3457645E-08
  0.1263137E+03  0.7906045E-08 -0.1524368E-08
  0.1264118E+03  0.7892772E-08 -0.1353671E-08
  0.1265098E+03  0.7897540E-08  0.4862976E-09
  0.1266079E+03  0.7885053E-08 -0.1273487E-08
  0.1267059E+03  0.7891167E-08  0.6235272E-09
  0.1268040E+03  0.7877515E-08 -0.1392278E-08
  0.1269020E+03  0.7856833E-08 -0.2109295E-08
  0.1270001E+03  0.7878120E-08  0.2170979E-08
  0.1270981E+03  0.7908810E-08  0.3129917E-08
  0.1271962E+03  0.7875341E-08 -0.3413325E-08
  0.1272942E+03  0.7993860E-08  0.1208724E-07
  0.1273923E+03  0.7925180E-08 -0.7004401E-08
  0.1274904E+03  0.7904996E-08 -0.2058470E-08
  0.1275884E+03  0.7823978E-08 -0.8262681E-08
  0.1276865E+03  0.7798337E-08 -0.2615011E-08
  0.1277845E+03  0.7988832E-08  0.1942773E-07
  0.1278826E+03  0.7886427E-08 -0.1044384E-07
  0.1279806E+03  0.7775018E-08 -0.1136208E-07
  0.1280787E+03  0.7725554E-08 -0.5044703E-08
  0.1281767E+03  0.7714651E-08 -0.1111915E-08
  0.1282748E+03  0.7700683E-08 -0.1424484E-08
  0.1283728E+03  0.7697316E-08 -0.3434145E-09
  0.1284709E+03  0.7682166E-08 -0.1545115E-08
  0.1285689E+03  0.7661594E-08 -0.2098075E-08
  0.1286670E+03  0.7657824E-08 -0.3844062E-09
  0.1287650E+03  0.7686649E-08  0.2939691E-08
  0.1288631E+03  0.7664318E-08 -0.2277408E-08
  0.1289611E+03  0.7657855E-08 -0.6591274E-09
  0.1290592E+03  0.7655547E-08 -0.2354119E-09
  0.1291573E+03  0.7625750E-08 -0.3038841E-08
  0.1292553E+03  0.7601520E-08 -0.2471114E-08
  0.1293534E+03  0.7579352E-08 -0.2260913E-08
  0.1294514E+03  0.7558653E-08 -0.2110907E-08
  0.1295495E+03  0.7547096E-08 -0.1178711E-08
  0.1296475E+03  0.7534867E-08 -0.1247165E-08
  0.1297456E+03  0.7509665E-08 -0.2570300E-08
  0.1298436E+03  0.7495475E-08 -0.1447157E-08
  0.1299417E+03  0.7498914E-08  0.3507720E-09
  0.1300397E+03  0.7454299E-08 -0.4550097E-08
  0.1301378E+03  0.7453113E-08 -0.1209665E-09
  0.1302358E+03  0.7430466E-08 -0.2309700E-08
  0.1303339E+03  0.7410254E-08 -0.2061282E-08
  0.1304319E+03  0.7370742E-08 -0.4029746E-08
  0.1305300E+03  0.7330408E-08 -0.4113486E-08
  0.1306280E+03  0.7295786E-08 -0.3530933E-08
  0.1307261E+03  0.7271224E-08 -0.2504918E-08
  0.1308241E+03  0.7235845E-08 -0.3608233E-08
  0.1309222E+03  0.7215574E-08 -0.2067305E-08
  0.1310203E+03  0.7161837E-08 -0.5480385E-08
  0.1311183E+03  0.7136987E-08 -0.2534334E-08
  0.1312164E+03  0.7087567E-08 -0.5040203E-08
  0.1313144E+03  0.7054421E-08 -0.3380384E-08
  0.1314125E+03  0.6982384E-08 -0.7346781E-08
  0.1315105E+03  0.6932247E-08 -0.5113300E-08
  0.1316086E+03  0.6889363E-08 -0.4373481E-08
  0.1317066E+03  0.6851831E-08 -0.3827738E-08
  0.1318047E+03  0.6817771E-08 -0.3473703E-08
  0.1319027E+03  0.6789660E-08 -0.2866877E-08
  0.1320008E+03  0.6753292E-08 -0.3708989E-08
  0.1320988E+03  0.6711121E-08 -0.4300916E-08
  0.1321969E+03  0.6635633E-08 -0.7698714E-08
  0.1322949E+03  0.6638009E-08  0.2423095E-09
  0.1323930E+03  0.6593005E-08 -0.4589709E-08
  0.1324910E+03  0.6565537E-08 -0.2801389E-08
  0.1325891E+03  0.6533284E-08 -0.3289307E-08
  0.1326872E+03  0.6507662E-08 -0.2613047E-08
  0.1327852E+03  0.6459259E-08 -0.4936440E-08
  0.1328833E+03  0.6432670E-08 -0.2711681E-08
  0.1329813E+03  0.6344994E-08 -0.8941796E-08
  0.1330794E+03  0.6355614E-08  0.1083116E-08
  0.1331774E+03  0.6285262E-08 -0.7174880E-08
  0.1332755E+03  0.6274032E-08 -0.1145293E-08
  0.1333735E+03  0.6242766E-08 -0.3188748E-08
  0.1334716E+03  0.6252149E-08  0.9569935E-09
  0.1335696E+03  0.6206943E-08 -0.4610422E-08
  0.1336677E+03  0.6190882E-08 -0.1637973E-08
  0.1337657E+03  0.6162751E-08 -0.2868925E-08
  0.1338638E+03  0.6148159E-08 -0.1488156E-08
  0.1339618E+03  0.6153494E-08  0.5440409E-09
  0.1340599E+03  0.6087044E-08 -0.6776931E-08
  0.1341579E+03  0.6095427E-08  0.8549480E-09
  0.1342560E+03  0.6033688E-08 -0.6296560E-08
  0.1343541E+03  0.6035191E-08  0.1532863E-09
  0.1344521E+03  0.5958359E-08 -0.7835713E-08
  0.1345502E+03  0.5907516E-08 -0.5185328E-08
  0.1346482E+03  0.5991016E-08  0.8515892E-08
  0.1347463E+03  0.5901366E-08 -0.9143017E-08
  0.1348443E+03  0.5847640E-08 -0.5479383E-08
  0.1349424E+03  0.5800505E-08 -0.4807028E-08
  0.1350404E+03  0.5691618E-08 -0.1110498E-07
  0.1351385E+03  0.5775477E-08  0.8552482E-08
  0.1352365E+03  0.5525193E-08 -0.2552544E-07
  0.1353346E+03  0.5587661E-08  0.6370859E-08
  0.1354326E+03  0.5414001E-08 -0.1771088E-07
  0.1355307E+03  0.5351209E-08 -0.6403915E-08
  0.1356287E+03  0.5287183E-08 -0.6529739E-08
  0.1357268E+03  0.5218645E-08 -0.6989924E-08
  0.1358248E+03  0.5190865E-08 -0.2833161E-08
  0.1359229E+03  0.5152434E-08 -0.3919410E-08
  0.1360209E+03  0.5094439E-08 -0.5914671E-08
  0.1361190E+03  0.5075406E-08 -0.1941092E-08
  0.1362171E+03  0.5036043E-08 -0.4014432E-08
  0.1363151E+03  0.5027391E-08 -0.8823951E-09
  0.1364132E+03  0.5006804E-08 -0.2099576E-08
  0.1365112E+03  0.4987610E-08 -0.1957518E-08
  0.1366093E+03  0.4975335E-08 -0.1251889E-08
  0.1367073E+03  0.4965835E-08 -0.9688312E-09
  0.1368054E+03  0.4955294E-08 -0.1075028E-08
  0.1369034E+03  0.4942337E-08 -0.1321410E-08
  0.1370015E+03  0.4923436E-08 -0.1927702E-08
  0.1370995E+03  0.4911195E-08 -0.1248421E-08
  0.1371976E+03  0.4898764E-08 -0.1267709E-08
  0.1372956E+03  0.4887826E-08 -0.1115531E-08
  0.1373937E+03  0.4872751E-08 -0.1537466E-08
  0.1374917E+03  0.4859562E-08 -0.1345060E-08
  0.1375898E+03  0.4835693E-08 -0.2434361E-08
  0.1376878E+03  0.4804869E-08 -0.3143551E-08
  0.1377859E+03  0.4792229E-08 -0.1289076E-08
  0.1378840E+03  0.4773899E-08 -0.1869423E-08
  0.1379820E+03  0.4765596E-08 -0.8468013E-09
  0.1380801E+03  0.4756682E-08 -0.9091314E-09
  0.1381781E+03  0.4745619E-08 -0.1128271E-08
  0.1382762E+03  0.4731810E-08 -0.1408262E-08
  0.1383742E+03  0.4710009E-08 -0.2223442E-08
  0.1384723E+03  0.4686984E-08 -0.2348217E-08
  0.1385703E+03  0.4685116E-08 -0.1904824E-09
  0.1386684E+03  0.4667216E-08 -0.1825535E-08
  0.1387664E+03  0.4644765E-08 -0.2289763E-08
  0.1388645E+03  0.4632403E-08 -0.1260681E-08
  0.1389625E+03  0.4592025E-08 -0.4118036E-08
  0.1390606E+03  0.4557759E-08 -0.3494646E-08
  0.1391586E+03  0.4523151E-08 -0.3529463E-08
  0.1392567E+03  0.4489373E-08 -0.3444961E-08
  0.1393547E+03  0.4463578E-08 -0.2630665E-08
  0.1394528E+03  0.4418266E-08 -0.4621198E-08
  0.1395509E+03  0.4389400E-08 -0.2943957E-08
  0.1396489E+03  0.4331725E-08 -0.5881988E-08
  0.1397470E+03  0.4299739E-08 -0.3262095E-08
  0.1398450E+03  0.4253572E-08 -0.4708353E-08
  0.1399431E+03  0.4210860E-08 -0.4356077E-08
  0.1400411E+03  0.4185367E-08 -0.2599902E-08
  0.1401392E+03  0.4131037E-08 -0.5540856E-08
  0.1402372E+03  0.4100244E-08 -0.3140465E-08
  0.1403353E+03  0.4055012E-08 -0.4613076E-08
  0.1404333E+03  0.4033522E-08 -0.2191609E-08
  0.1405314E+03  0.3958935E-08 -0.7606910E-08
  0.1406294E+03  0.3933128E-08 -0.2631891E-08
  0.1407275E+03  0.3883422E-08 -0.5069347E-08
  0.1408255E+03  0.3863858E-08 -0.1995238E-08
  0.1409236E+03  0.3824468E-08 -0.4017250E-08
  0.1410216E+03  0.3796147E-08 -0.2888269E-08
  0.1411197E+03  0.3770004E-08 -0.2666248E-08
  0.1412178E+03  0.3744875E-08 -0.2562832E-08
  0.1413158E+03  0.3713055E-08 -0.3245168E-08
  0.1414139E+03  0.3672507E-08 -0.4135329E-08
  0.1415119E+03  0.3645877E-08 -0.2715847E-08
  0.1416100E+03  0.3621894E-08 -0.2445966E-08
  0.1417080E+03  0.3598897E-08 -0.2345349E-08
  0.1418061E+03  0.3579470E-08 -0.1981309E-08
  0.1419041E+03  0.3550759E-08 -0.2928101E-08
  0.1420022E+03  0.3522438E-08 -0.2888262E-08
  0.1421002E+03  0.3496168E-08 -0.2679210E-08
  0.1421983E+03  0.3472527E-08 -0.2411001E-08
  0.1422963E+03  0.3446764E-08 -0.2627476E-08
  0.1423944E+03  0.3422678E-08 -0.2456496E-08
  0.1424924E+03  0.3394651E-08 -0.2858289E-08
  0.1425905E+03  0.3366395E-08 -0.2881716E-08
  0.1426885E+03  0.3340936E-08 -0.2596477E-08
  0.1427866E+03  0.3311492E-08 -0.3002901E-08
  0.1428846E+03  0.3278029E-08 -0.3412756E-08
  0.1429827E+03  0.3249093E-08 -0.2951070E-08
  0.1430808E+03  0.3220145E-08 -0.2952283E-08
  0.1431788E+03  0.3184812E-08 -0.3603420E-08
  0.1432769E+03  0.3151387E-08 -0.3408878E-08
  0.1433749E+03  0.3130399E-08 -0.2140441E-08
  0.1434730E+03  0.3104354E-08 -0.2656286E-08
  0.1435710E+03  0.3070076E-08 -0.3495828E-08
  0.1436691E+03  0.3044826E-08 -0.2575192E-08
  0.1437671E+03  0.3022996E-08 -0.2226352E-08
  0.1438652E+03  0.2993160E-08 -0.3042782E-08
  0.1439632E+03  0.2962908E-08 -0.3085325E-08
  0.1440613E+03  0.2934741E-08 -0.2872635E-08
  0.1441593E+03  0.2903701E-08 -0.3165585E-08
  0.1442574E+03  0.2864664E-08 -0.3981286E-08
  0.1443554E+03  0.2832757E-08 -0.3254093E-08
  0.1444535E+03  0.2800406E-08 -0.3299248E-08
  0.1445515E+03  0.2766869E-08 -0.3420359E-08
  0.1446496E+03  0.2733839E-08 -0.3368570E-08
  0.1447477E+03  0.2690387E-08 -0.4431508E-08
  0.1448457E+03  0.2648832E-08 -0.4238040E-08
  0.1449438E+03  0.2609894E-08 -0.3971040E-08
  0.1450418E+03  0.2578277E-08 -0.3224523E-08
  0.1451399E+03  0.2546413E-08 -0.3249700E-08
  0.1452379E+03  0.2510763E-08 -0.3635754E-08
  0.1453360E+03  0.2477780E-08 -0.3363822E-08
  0.1454340E+03  0.2442531E-08 -0.3594877E-08
  0.1455321E+03  0.2399533E-08 -0.4385184E-08
  0.1456301E+03  0.2367867E-08 -0.3229513E-08
  0.1457282E+03  0.2336812E-08 -0.3167142E-08
  0.1458262E+03  0.2305811E-08 -0.3161708E-08
  0.1459243E+03  0.2283735E-08 -0.2251463E-08
  0.1460223E+03  0.2254590E-08 -0.2972309E-08
  0.1461204E+03  0.2222431E-08 -0.3279787E-08
  0.1462184E+03  0.2199934E-08 -0.2294322E-08
  0.1463165E+03  0.2165042E-08 -0.3558488E-08
  0.1464146E+03  0.2127419E-08 -0.3837028E-08
  0.1465126E+03  0.2086929E-08 -0.4129402E-08
  0.1466107E+03  0.2055340E-08 -0.3221627E-08
  0.1467087E+03  0.2025535E-08 -0.3039764E-08
  0.1468068E+03  0.1993536E-08 -0.3263391E-08
  0.1469048E+03  0.1955858E-08 -0.3842622E-08
  0.1470029E+03  0.1932251E-08 -0.2407638E-08
  0.1471009E+03  0.1902583E-08 -0.3025641E-08
  0.1471990E+03  0.1857736E-08 -0.4573783E-08
  0.1472970E+03  0.1838273E-08 -0.1984998E-08
  0.1473951E+03  0.1815115E-08 -0.2361735E-08
  0.1474931E+03  0.1789326E-08 -0.2630082E-08
  0.1475912E+03  0.1759060E-08 -0.3086725E-08
  0.1476892E+03  0.1719668E-08 -0.4017440E-08
  0.1477873E+03  0.1685243E-08 -0.3510819E-08
  0.1478853E+03  0.1662573E-08 -0.2312100E-08
  0.1479834E+03  0.1633256E-08 -0.2989883E-08
  0.1480815E+03  0.1606563E-08 -0.2722284E-08
  0.1481795E+03  0.1583232E-08 -0.2379476E-08
  0.1482776E+03  0.1564715E-08 -0.1888404E-08
  0.1483756E+03  0.1541448E-08 -0.2372924E-08
  0.1484737E+03  0.1512249E-08 -0.2977960E-08
  0.1485717E+03  0.1486987E-08 -0.2576284E-08
  0.1486698E+03  0.1456849E-08 -0.3073664E-08
  0.1487678E+03  0.1428751E-08 -0.2865592E-08
  0.1488659E+03  0.1404988E-08 -0.2423474E-08
  0.1489639E+03  0.1377139E-08 -0.2840250E-08
  0.1490620E+03  0.1348644E-08 -0.2906075E-08
  0.1491600E+03  0.1328587E-08 -0.2045511E-08
  0.1492581E+03  0.1303099E-08 -0.2599444E-08
  0.1493561E+03  0.1281494E-08 -0.2203359E-08
  0.1494542E+03  0.1258086E-08 -0.2387320E-08
  0.1495522E+03  0.1236931E-08 -0.2157502E-08
  0.1496503E+03  0.1212515E-08 -0.2490087E-08
  0.1497483E+03  0.1192415E-08 -0.2049897E-08
  0.1498464E+03  0.1176073E-08 -0.1666673E-08
  0.1499445E+03  0.1161261E-08 -0.1510596E-08
  0.1500425E+03  0.1144093E-08 -0.1750924E-08
  0.1501406E+03  0.1127769E-08 -0.1664790E-08
  0.1502386E+03  0.1113965E-08 -0.1407814E-08
  0.1503367E+03  0.1096243E-08 -0.1807368E-08
  0.1504347E+03  0.1083714E-08 -0.1277793E-08
  0.1505328E+03  0.1072347E-08 -0.1159283E-08
  0.1506308E+03  0.1057431E-08 -0.1521231E-08
  0.1507289E+03  0.1044057E-08 -0.1364008E-08
  0.1508269E+03  0.1030662E-08 -0.1366102E-08
  0.1509250E+03  0.1016838E-08 -0.1409777E-08
  0.1510230E+03  0.1004115E-08 -0.1297566E-08
  0.1511211E+03  0.9920804E-09 -0.1227390E-08
  0.1512191E+03  0.9797163E-09 -0.1260956E-08
  0.1513172E+03  0.9678829E-09 -0.1206841E-08
  0.1514152E+03  0.9523459E-09 -0.1584552E-08
  0.1515133E+03  0.9401993E-09 -0.1238786E-08
  0.1516114E+03  0.9271215E-09 -0.1333747E-08
  0.1517094E+03  0.9166251E-09 -0.1070480E-08
  0.1518075E+03  0.9078486E-09 -0.8950854E-09
  0.1519055E+03  0.9024071E-09 -0.5549556E-09
  0.1520036E+03  0.8969948E-09 -0.5519725E-09
  0.1521016E+03  0.8897578E-09 -0.7380699E-09
  0.1521997E+03  0.8830042E-09 -0.6887717E-09
  0.1522977E+03  0.8783291E-09 -0.4768022E-09
  0.1523958E+03  0.8733056E-09 -0.5123231E-09
  0.1524938E+03  0.8673295E-09 -0.6094787E-09
  0.1525919E+03  0.8604168E-09 -0.7049980E-09
  0.1526899E+03  0.8560022E-09 -0.4502232E-09
  0.1527880E+03  0.8501547E-09 -0.5963628E-09
  0.1528860E+03  0.8439720E-09 -0.6305494E-09
  0.1529841E+03  0.8382687E-09 -0.5816544E-09
  0.1530821E+03  0.8313494E-09 -0.7056670E-09
  0.1531802E+03  0.8246919E-09 -0.6789693E-09
  0.1532783E+03  0.8184511E-09 -0.6364779E-09
  0.1533763E+03  0.8115087E-09 -0.7080229E-09
  0.1534744E+03  0.8018827E-09 -0.9817166E-09
  0.1535724E+03  0.7930325E-09 -0.9025926E-09
  0.1536705E+03  0.7839937E-09 -0.9218314E-09
  0.1537685E+03  0.7723978E-09 -0.1182621E-08
  0.1538666E+03  0.7593457E-09 -0.1331125E-08
  0.1539646E+03  0.7470272E-09 -0.1256311E-08
  0.1540627E+03  0.7338128E-09 -0.1347681E-08
  0.1541607E+03  0.7174232E-09 -0.1671509E-08
  0.1542588E+03  0.7059904E-09 -0.1165982E-08
  0.1543568E+03  0.6964566E-09 -0.9723157E-09
  0.1544549E+03  0.6855241E-09 -0.1114955E-08
  0.1545529E+03  0.6796264E-09 -0.6014836E-09
  0.1546510E+03  0.6716983E-09 -0.8085569E-09
  0.1547490E+03  0.6617232E-09 -0.1017316E-08
  0.1548471E+03  0.6555703E-09 -0.6275072E-09
  0.1549452E+03  0.6497977E-09 -0.5887290E-09
  0.1550432E+03  0.6433028E-09 -0.6623870E-09
  0.1551413E+03  0.6381198E-09 -0.5285865E-09
  0.1552393E+03  0.6336473E-09 -0.4561338E-09
  0.1553374E+03  0.6294841E-09 -0.4245877E-09
  0.1554354E+03  0.6257564E-09 -0.3801734E-09
  0.1555335E+03  0.6206469E-09 -0.5210985E-09
  0.1556315E+03  0.6164636E-09 -0.4266388E-09
  0.1557296E+03  0.6120944E-09 -0.4455897E-09
  0.1558276E+03  0.6070158E-09 -0.5179463E-09
  0.1559257E+03  0.6006892E-09 -0.6452281E-09
  0.1560237E+03  0.5932798E-09 -0.7556474E-09
  0.1561218E+03  0.5857397E-09 -0.7689912E-09
  0.1562198E+03  0.5794379E-09 -0.6426945E-09
  0.1563179E+03  0.5737000E-09 -0.5851792E-09
  0.1564159E+03  0.5646181E-09 -0.9262255E-09
  0.1565140E+03  0.5576639E-09 -0.7092335E-09
  0.1566120E+03  0.5519890E-09 -0.5787554E-09
  0.1567101E+03  0.5477108E-09 -0.4363178E-09
  0.1568082E+03  0.5407183E-09 -0.7131384E-09
  0.1569062E+03  0.5377793E-09 -0.2997310E-09
  0.1570043E+03  0.5333638E-09 -0.4503235E-09
  0.1571023E+03  0.5274778E-09 -0.6002855E-09
  0.1572004E+03  0.5224108E-09 -0.5167629E-09
  0.1572984E+03  0.5177865E-09 -0.4716159E-09
  0.1573965E+03  0.5123108E-09 -0.5584360E-09
  0.1574945E+03  0.5072403E-09 -0.5171237E-09
  0.1575926E+03  0.5034435E-09 -0.3872211E-09
  0.1576906E+03  0.4981081E-09 -0.5441366E-09
  0.1577887E+03  0.4928523E-09 -0.5360163E-09
  0.1578867E+03  0.4882955E-09 -0.4647263E-09
  0.1579848E+03  0.4834456E-09 -0.4946187E-09
  0.1580828E+03  0.4777822E-09 -0.5775937E-09
  0.1581809E+03  0.4728046E-09 -0.5076356E-09
  0.1582789E+03  0.4686388E-09 -0.4248610E-09
  0.1583770E+03  0.4646126E-09 -0.4106065E-09
  0.1584751E+03  0.4599278E-09 -0.4777892E-09
  0.1585731E+03  0.4555856E-09 -0.4428365E-09
  0.1586712E+03  0.4515134E-09 -0.4153118E-09
  0.1587692E+03  0.4475195E-09 -0.4073244E-09
  0.1588673E+03  0.4417551E-09 -0.5878814E-09
  0.1589653E+03  0.4367233E-09 -0.5131778E-09
  0.1590634E+03  0.4327047E-09 -0.4098390E-09
  0.1591614E+03  0.4283094E-09 -0.4482590E-09
  0.1592595E+03  0.4236079E-09 -0.4794841E-09
  0.1593575E+03  0.4204100E-09 -0.3261360E-09
  0.1594556E+03  0.4167686E-09 -0.3713770E-09
  0.1595536E+03  0.4130822E-09 -0.3759612E-09
  0.1596517E+03  0.4090052E-09 -0.4157977E-09
  0.1597497E+03  0.4063183E-09 -0.2740204E-09
  0.1598478E+03  0.4030005E-09 -0.3383714E-09
  0.1599458E+03  0.3993870E-09 -0.3685277E-09
  0.1600439E+03  0.3960433E-09 -0.3410061E-09
  0.1601420E+03  0.3939398E-09 -0.2145236E-09
  0.1602400E+03  0.3913273E-09 -0.2664395E-09
  0.1603381E+03  0.3881804E-09 -0.3209404E-09
  0.1604361E+03  0.3850134E-09 -0.3229873E-09
  0.1605342E+03  0.3827094E-09 -0.2349751E-09
  0.1606322E+03  0.3799660E-09 -0.2797905E-09
  0.1607303E+03  0.3767307E-09 -0.3299547E-09
  0.1608283E+03  0.3730147E-09 -0.3789821E-09
  0.1609264E+03  0.3703764E-09 -0.2690650E-09
  0.1610244E+03  0.3678273E-09 -0.2599687E-09
  0.1611225E+03  0.3651682E-09 -0.2711938E-09
  0.1612205E+03  0.3618705E-09 -0.3363163E-09
  0.1613186E+03  0.3592703E-09 -0.2651829E-09
  0.1614166E+03  0.3571517E-09 -0.2160694E-09
  0.1615147E+03  0.3549601E-09 -0.2235180E-09
  0.1616127E+03  0.3526776E-09 -0.2327787E-09
  0.1617108E+03  0.3509026E-09 -0.1810228E-09
  0.1618088E+03  0.3488668E-09 -0.2076238E-09
  0.1619069E+03  0.3466673E-09 -0.2243228E-09
  0.1620050E+03  0.3441589E-09 -0.2558133E-09
  0.1621030E+03  0.3422902E-09 -0.1905850E-09
  0.1622011E+03  0.3404255E-09 -0.1901677E-09
  0.1622991E+03  0.3386993E-09 -0.1760490E-09
  0.1623972E+03  0.3369093E-09 -0.1825566E-09
  0.1624952E+03  0.3354734E-09 -0.1464441E-09
  0.1625933E+03  0.3339095E-09 -0.1594895E-09
  0.1626913E+03  0.3323037E-09 -0.1637772E-09
  0.1627894E+03  0.3305827E-09 -0.1755107E-09
  0.1628874E+03  0.3289106E-09 -0.1705298E-09
  0.1629855E+03  0.3272733E-09 -0.1669876E-09
  0.1630835E+03  0.3256417E-09 -0.1663993E-09
  0.1631816E+03  0.3239466E-09 -0.1728707E-09
  0.1632796E+03  0.3223907E-09 -0.1586857E-09
  0.1633777E+03  0.3210633E-09 -0.1353736E-09
  0.1634757E+03  0.3197184E-09 -0.1371579E-09
  0.1635738E+03  0.3183480E-09 -0.1397616E-09
  0.1636719E+03  0.3170180E-09 -0.1356474E-09
  0.1637699E+03  0.3157204E-09 -0.1323351E-09
  0.1638680E+03  0.3145779E-09 -0.1165160E-09
  0.1639660E+03  0.3133101E-09 -0.1292959E-09
  0.1640641E+03  0.3120731E-09 -0.1261631E-09
  0.1641621E+03  0.3107140E-09 -0.1386070E-09
  0.1642602E+03  0.3094242E-09 -0.1315348E-09
  0.1643582E+03  0.3081805E-09 -0.1268407E-09
  0.1644563E+03  0.3069265E-09 -0.1278955E-09
  0.1645543E+03  0.3054813E-09 -0.1473897E-09
  0.1646524E+03  0.3040016E-09 -0.1509029E-09
  0.1647504E+03  0.3025109E-09 -0.1520386E-09
  0.1648485E+03  0.3011762E-09 -0.1361148E-09
  0.1649465E+03  0.2997209E-09 -0.1484165E-09
  0.1650446E+03  0.2983006E-09 -0.1448540E-09
  0.1651426E+03  0.2969776E-09 -0.1349253E-09
  0.1652407E+03  0.2957335E-09 -0.1268835E-09
  0.1653388E+03  0.2944432E-09 -0.1315972E-09
  0.1654368E+03  0.2930378E-09 -0.1433231E-09
  0.1655349E+03  0.2914556E-09 -0.1613688E-09
  0.1656329E+03  0.2900008E-09 -0.1483625E-09
  0.1657310E+03  0.2885545E-09 -0.1475097E-09
  0.1658290E+03  0.2873407E-09 -0.1237896E-09
  0.1659271E+03  0.2860831E-09 -0.1282493E-09
  0.1660251E+03  0.2847753E-09 -0.1333847E-09
  0.1661232E+03  0.2833949E-09 -0.1407739E-09
  0.1662212E+03  0.2819268E-09 -0.1497279E-09
  0.1663193E+03  0.2803844E-09 -0.1573043E-09
  0.1664173E+03  0.2790363E-09 -0.1374920E-09
  0.1665154E+03  0.2776067E-09 -0.1457890E-09
  0.1666134E+03  0.2762864E-09 -0.1346521E-09
  0.1667115E+03  0.2748985E-09 -0.1415549E-09
  0.1668095E+03  0.2734859E-09 -0.1440636E-09
  0.1669076E+03  0.2719707E-09 -0.1545259E-09
  0.1670057E+03  0.2705691E-09 -0.1429461E-09
  0.1671037E+03  0.2690910E-09 -0.1507403E-09
  0.1672018E+03  0.2676215E-09 -0.1498701E-09
  0.1672998E+03  0.2659665E-09 -0.1687849E-09
  0.1673979E+03  0.2644030E-09 -0.1594579E-09
  0.1674959E+03  0.2627577E-09 -0.1678012E-09
  0.1675940E+03  0.2610807E-09 -0.1710288E-09
  0.1676920E+03  0.2594446E-09 -0.1668538E-09
  0.1677901E+03  0.2578474E-09 -0.1628973E-09
  0.1678881E+03  0.2561271E-09 -0.1754443E-09
  0.1679862E+03  0.2545123E-09 -0.1646884E-09
  0.1680842E+03  0.2527868E-09 -0.1759685E-09
  0.1681823E+03  0.2512088E-09 -0.1609401E-09
  0.1682803E+03  0.2495135E-09 -0.1728905E-09
  0.1683784E+03  0.2479914E-09 -0.1552391E-09
  0.1684764E+03  0.2462390E-09 -0.1787164E-09
  0.1685745E+03  0.2444852E-09 -0.1788661E-09
  0.1686725E+03  0.2426908E-09 -0.1830038E-09
  0.1687706E+03  0.2408096E-09 -0.1918503E-09
  0.1688687E+03  0.2388775E-09 -0.1970547E-09
  0.1689667E+03  0.2368186E-09 -0.2099780E-09
  0.1690648E+03  0.2346672E-09 -0.2194123E-09
  0.1691628E+03  0.2325691E-09 -0.2139700E-09
  0.1692609E+03  0.2305128E-09 -0.2097152E-09
  0.1693589E+03  0.2284827E-09 -0.2070465E-09
  0.1694570E+03  0.2263597E-09 -0.2165085E-09
  0.1695550E+03  0.2243767E-09 -0.2022446E-09
  0.1696531E+03  0.2223996E-09 -0.2016306E-09
  0.1697511E+03  0.2203850E-09 -0.2054623E-09
  0.1698492E+03  0.2182330E-09 -0.2194784E-09
  0.1699472E+03  0.2162244E-09 -0.2048418E-09
  0.1700453E+03  0.2142551E-09 -0.2008381E-09
  0.1701433E+03  0.2121747E-09 -0.2121761E-09
  0.1702414E+03  0.2100717E-09 -0.2144784E-09
  0.1703394E+03  0.2081363E-09 -0.1973837E-09
  0.1704375E+03  0.2061495E-09 -0.2026181E-09
  0.1705356E+03  0.2042321E-09 -0.1955498E-09
  0.1706336E+03  0.2023768E-09 -0.1892160E-09
  0.1707317E+03  0.2006823E-09 -0.1728141E-09
  0.1708297E+03  0.1987918E-09 -0.1928049E-09
  0.1709278E+03  0.1968284E-09 -0.2002401E-09
  0.1710258E+03  0.1947037E-09 -0.2166899E-09
  0.1711239E+03  0.1925149E-09 -0.2232238E-09
  0.1712219E+03  0.1900199E-09 -0.2544531E-09
  0.1713200E+03  0.1875646E-09 -0.2504105E-09
  0.1714180E+03  0.1850201E-09 -0.2595003E-09
  0.1715161E+03  0.1827099E-09 -0.2356108E-09
  0.1716141E+03  0.1803503E-09 -0.2406473E-09
  0.1717122E+03  0.1783995E-09 -0.1989510E-09
  0.1718102E+03  0.1764311E-09 -0.2007495E-09
  0.1719083E+03  0.1746283E-09 -0.1838562E-09
  0.1720063E+03  0.1727733E-09 -0.1891835E-09
  0.1721044E+03  0.1710625E-09 -0.1744813E-09
  0.1722025E+03  0.1691491E-09 -0.1951363E-09
  0.1723005E+03  0.1673222E-09 -0.1863204E-09
  0.1723986E+03  0.1654589E-09 -0.1900315E-09
  0.1724966E+03  0.1636803E-09 -0.1813928E-09
  0.1725947E+03  0.1616780E-09 -0.2042019E-09
  0.1726927E+03  0.1597021E-09 -0.2015130E-09
  0.1727908E+03  0.1577416E-09 -0.1999438E-09
  0.1728888E+03  0.1559669E-09 -0.1809995E-09
  0.1729869E+03  0.1542283E-09 -0.1773139E-09
  0.1730849E+03  0.1525400E-09 -0.1721778E-09
  0.1731830E+03  0.1506914E-09 -0.1885356E-09
  0.1732810E+03  0.1486590E-09 -0.2072750E-09
  0.1733791E+03  0.1465614E-09 -0.2139209E-09
  0.1734771E+03  0.1448260E-09 -0.1769843E-09
  0.1735752E+03  0.1431139E-09 -0.1746083E-09
  0.1736732E+03  0.1414114E-09 -0.1736379E-09
  0.1737713E+03  0.1397717E-09 -0.1672185E-09
  0.1738694E+03  0.1384029E-09 -0.1396031E-09
  0.1739674E+03  0.1368950E-09 -0.1537869E-09
  0.1740655E+03  0.1354984E-09 -0.1424339E-09
  0.1741635E+03  0.1339899E-09 -0.1538409E-09
  0.1742616E+03  0.1325231E-09 -0.1495972E-09
  0.1743596E+03  0.1308197E-09 -0.1737152E-09
  0.1744577E+03  0.1290180E-09 -0.1837493E-09
  0.1745557E+03  0.1271601E-09 -0.1894801E-09
  0.1746538E+03  0.1254286E-09 -0.1765922E-09
  0.1747518E+03  0.1237708E-09 -0.1690668E-09
  0.1748499E+03  0.1221297E-09 -0.1673686E-09
  0.1749479E+03  0.1203265E-09 -0.1839004E-09
  0.1750460E+03  0.1186675E-09 -0.1691957E-09
  0.1751440E+03  0.1171870E-09 -0.1509969E-09
  0.1752421E+03  0.1159648E-09 -0.1246398E-09
  0.1753401E+03  0.1147561E-09 -0.1232705E-09
  0.1754382E+03  0.1135641E-09 -0.1215707E-09
  0.1755362E+03  0.1123600E-09 -0.1227986E-09
  0.1756343E+03  0.1110886E-09 -0.1296677E-09
  0.1757324E+03  0.1097947E-09 -0.1319626E-09
  0.1758304E+03  0.1085282E-09 -0.1291585E-09
  0.1759285E+03  0.1071986E-09 -0.1356011E-09
  0.1760265E+03  0.1059224E-09 -0.1301613E-09
  0.1761246E+03  0.1045739E-09 -0.1375222E-09
  0.1762226E+03  0.1031285E-09 -0.1474061E-09
  0.1763207E+03  0.1014773E-09 -0.1684017E-09
  0.1764187E+03  0.9997047E-10 -0.1536777E-09
